 0.0002225 -0.0291588
 0.0006675 -0.0278441
 0.0011125 -0.0268261
 0.0015575 -0.0259658
 0.0020025 -0.0251627
 0.0024475 -0.0243479
 0.0028925 -0.0234819
 0.0033375  -0.022554
 0.0037825 -0.0215788
 0.0042275 -0.0205885
 0.0046725 -0.0196229
 0.0051175 -0.0187206
 0.0055625 -0.0179116
 0.0060075 -0.0172142
 0.0064525 -0.0166342
 0.0068975 -0.0161673
 0.0073476 -0.0157951
0.00781612  -0.015495
0.00831203 -0.0152557
0.00883694 -0.0150635
0.00939255 -0.0149011
0.00998065 -0.0147495
 0.0106031 -0.0145901
  0.011262 -0.0144067
 0.0119594 -0.0141867
 0.0126977 -0.0139223
  0.013479 -0.0136098
 0.0143061 -0.0132499
 0.0151815 -0.0128465
 0.0161082 -0.0124058
  0.017089  -0.011935
 0.0181271 -0.0114422
  0.019226  -0.010935
 0.0203891 -0.0104204
 0.0216203 -0.00990486
 0.0229234 -0.00939365
 0.0243028 -0.00889117
 0.0257628 -0.00840099
 0.0273082 -0.0079259
  0.028944  -0.007468
 0.0306754 -0.00702874
 0.0325081 -0.00660914
 0.0344479 -0.00620968
 0.0365012 -0.00583079
 0.0386746 -0.00547227
  0.040975 -0.00513371
   0.04341 -0.00481514
 0.0459873 -0.00451594
 0.0487154 -0.00423488
  0.051603 -0.0039713
 0.0546595 -0.00372494
 0.0578947 -0.00349434
 0.0613191 -0.00327809
 0.0649437 -0.00307573
 0.0687803 -0.00288669
 0.0728413 -0.00270956
 0.0771397 -0.00254333
 0.0816895 -0.00238794
 0.0865054 -0.00224287
 0.0916029 -0.00210738
 0.0969985 -0.00198067
   0.10271 -0.00186198
  0.108755 -0.00175069
  0.115153 -0.00164624
  0.121926 -0.00154866
  0.129095 -0.00145751
  0.136683 -0.00137183
  0.144715 -0.00129166
  0.153216 -0.00121657
  0.162214 -0.00114618
  0.171739 -0.00107985
  0.181821  -0.001017
  0.192492 -0.000957406
  0.203788 -0.000901176
  0.215744 -0.000848257
  0.228399 -0.000798019
  0.241794 -0.000749776
  0.255972 -0.000704159
   0.27098 -0.000661141
  0.286865 -0.000611771
  0.304824 -0.000559751
  0.324407 -0.000521093
  0.343989 -0.000492921
  0.363571 -0.000465563
  0.383154 -0.000439979
  0.402736 -0.000416011
  0.422319 -0.000393193
  0.441901 -0.000372006
  0.461484 -0.000352013
  0.481066 -0.00033279
  0.500648 -0.000314454
  0.520231 -0.000296913
  0.539813 -0.000280552
  0.559396 -0.000265027
  0.578978 -0.000250203
   0.59856 -0.000235957
  0.618143 -0.000222385
  0.637725 -0.000209565
  0.657308 -0.00019749
   0.67689 -0.00018618
  0.696473 -0.000175487
  0.716055 -0.000165275
  0.735637 -0.000155678
   0.75522 -0.000146579
  0.774802 -0.000137882
  0.794385 -0.000129653
  0.813967 -0.000121882
  0.833549 -0.000114852
  0.853132 -0.000108595
  0.872714 -0.000102923
  0.892297 -9.80005e-05
  0.911879 -9.39302e-05
  0.931462 -9.06077e-05
  0.951044 -8.80118e-05
  0.970626 -8.61876e-05
  0.990209 -8.50839e-05
   1.00979 -8.47636e-05
   1.02937 -8.5287e-05
   1.04896 -8.66636e-05
   1.06854 -8.87948e-05
   1.08812 -9.1708e-05
    1.1077 -9.54746e-05
   1.12729 -0.000100047
   1.14687 -0.000105246
   1.16645 -0.000111013
   1.18603 -0.000117476
   1.20562 -0.00012468
    1.2252 -0.000132575
   1.24478 -0.000141081
   1.26436 -0.00015034
   1.28395 -0.000160299
   1.30353 -0.000170993
   1.32311 -0.00018226
   1.34269 -0.000194269
   1.36228 -0.000206779
   1.38186 -0.000219703
   1.40144 -0.000233672
   1.42102 -0.000248493
   1.44061 -0.00026374
   1.46019 -0.000279727
   1.47977 -0.000296466
   1.49935 -0.00031395
   1.51894 -0.000332344
   1.53852 -0.000351721
    1.5581 -0.000372064
   1.57768 -0.000393662
   1.59727 -0.000416941
   1.61685 -0.000441748
   1.63643 -0.000468706
   1.65601 -0.0004972
    1.6756 -0.000526463
   1.69518 -0.000566276
   1.71314 -0.000620116
   1.72902 -0.000671572
   1.74403 -0.000716838
   1.75821 -0.000764306
    1.7716 -0.00081393
   1.78426 -0.000865992
   1.79621 -0.000920655
   1.80751 -0.000977635
   1.81818 -0.00103753
   1.82826 -0.0011007
   1.83779 -0.00116766
   1.84679 -0.00123899
   1.85529 -0.00131474
   1.86332 -0.00139496
   1.87091 -0.00147982
   1.87808 -0.00157036
   1.88485 -0.00166667
   1.89125 -0.00176889
   1.89729 -0.00187785
     1.903 -0.00199439
    1.9084 -0.00211899
    1.9135 -0.00225238
   1.91831 -0.00239512
   1.92286 -0.00254772
   1.92716 -0.00271058
   1.93122 -0.00288427
   1.93506 -0.00306992
   1.93868 -0.00326823
   1.94211 -0.00347991
   1.94534 -0.00370622
    1.9484 -0.00394853
   1.95129 -0.00420716
   1.95401 -0.00448298
   1.95659 -0.00477688
   1.95903 -0.00508922
   1.96133 -0.00542068
    1.9635 -0.0057725
   1.96555 -0.00614493
   1.96749 -0.00653739
   1.96933 -0.00694947
   1.97106 -0.00738072
   1.97269 -0.00783029
   1.97424 -0.00829669
    1.9757  -0.008778
   1.97708 -0.00927176
   1.97838 -0.00977435
   1.97961  -0.010281
   1.98077 -0.0107863
   1.98187 -0.0112837
   1.98291 -0.0117664
   1.98389 -0.0122268
   1.98482 -0.0126573
   1.98569 -0.0130507
   1.98652  -0.013401
    1.9873 -0.0137046
   1.98804 -0.0139612
   1.98874 -0.0141745
    1.9894 -0.0143526
   1.99002 -0.0145079
   1.99061 -0.0146566
   1.99116 -0.0148168
   1.99169 -0.0150072
   1.99218 -0.0152445
   1.99265 -0.0155422
    1.9931  -0.015911
   1.99355 -0.0163731
   1.99399 -0.0169463
   1.99444 -0.0176349
   1.99488  -0.018433
   1.99533 -0.0193225
   1.99577  -0.020274
   1.99622 -0.0212499
   1.99666 -0.0222112
   1.99711 -0.0231265
   1.99755 -0.0239814
     1.998 -0.0247865
   1.99844 -0.0255807
   1.99889 -0.0264317
   1.99933 -0.0274385
   1.99978 -0.0287376
