 0.0002225  1.484e-05
 0.0006675 0.000128785
 0.0011125 0.000348598
 0.0015575 0.000667276
 0.0020025 0.00107753
 0.0024475  0.0015708
 0.0028925 0.00213665
 0.0033375  0.0027626
 0.0037825 0.00343447
 0.0042275 0.00413694
 0.0046725 0.00485444
 0.0051175 0.00557199
 0.0055625 0.00627598
 0.0060075 0.00695475
 0.0064525 0.00759888
 0.0068975 0.00820132
 0.0073476   0.008764
0.00781612 0.00929724
0.00831203 0.00980122
0.00883694  0.0102679
0.00939255  0.0106904
0.00998065  0.0110631
 0.0106031  0.0113821
  0.011262  0.0116452
 0.0119594   0.011852
 0.0126977  0.0120036
  0.013479  0.0121025
 0.0143061  0.0121523
 0.0151815  0.0121572
 0.0161082  0.0121222
  0.017089  0.0120521
 0.0181271  0.0119519
  0.019226  0.0118264
 0.0203891  0.0116801
 0.0216203   0.011517
 0.0229234  0.0113407
 0.0243028  0.0111546
 0.0257628  0.0109613
 0.0273082  0.0107634
  0.028944   0.010563
 0.0306754  0.0103619
 0.0325081  0.0101617
 0.0344479   0.009964
 0.0365012 0.00977005
 0.0386746 0.00958104
  0.040975 0.00939793
   0.04341  0.0092214
 0.0459873 0.00905205
 0.0487154 0.00889042
  0.051603 0.00873671
 0.0546595 0.00859077
 0.0578947 0.00845252
 0.0613191 0.00832184
 0.0649437 0.00819841
 0.0687803 0.00808163
 0.0728413 0.00797109
 0.0771397 0.00786667
 0.0816895 0.00776801
 0.0865054 0.00767437
 0.0916029 0.00758483
 0.0969985  0.0074987
   0.10271 0.00741567
  0.108755 0.00733527
  0.115153 0.00725719
  0.121926 0.00718041
  0.129095 0.00710407
  0.136683 0.00702802
  0.144715 0.00695137
  0.153216 0.00687442
  0.162214 0.00679752
  0.171739 0.00672023
  0.181821  0.0066423
  0.192492 0.00656247
  0.203788  0.0064785
  0.215744 0.00638777
  0.228399  0.0062904
  0.241794 0.00618662
  0.255972 0.00607757
   0.27098 0.00596277
  0.286865 0.00584003
  0.304824 0.00570945
  0.324407  0.0055525
  0.343989 0.00539737
  0.363571 0.00523519
  0.383154 0.00507195
  0.402736  0.0049117
  0.422319 0.00475569
  0.441901 0.00460295
  0.461484 0.00445355
  0.481066 0.00430653
  0.500648 0.00415786
  0.520231 0.00401213
  0.539813 0.00387011
  0.559396 0.00372847
  0.578978 0.00358644
   0.59856 0.00344671
  0.618143 0.00330604
  0.637725 0.00316549
  0.657308 0.00302845
   0.67689 0.00289311
  0.696473  0.0027583
  0.716055  0.0026269
  0.735637 0.00249833
   0.75522  0.0023748
  0.774802 0.00225829
  0.794385 0.00214726
  0.813967  0.0020419
  0.833549 0.00194272
  0.853132 0.00185237
  0.872714 0.00177111
  0.892297 0.00169974
  0.911879 0.00163808
  0.931462  0.0015874
  0.951044 0.00154886
  0.970626 0.00152251
  0.990209 0.00150874
   1.00979 0.00150856
   1.02937 0.00152132
   1.04896 0.00154533
   1.06854 0.00158041
   1.08812 0.00162795
    1.1077 0.00168696
   1.12729 0.00175605
   1.14687 0.00183499
   1.16645 0.00192256
   1.18603 0.00201673
   1.20562  0.0021183
    1.2252 0.00222449
   1.24478 0.00233631
   1.26436   0.002455
   1.28395 0.00257951
   1.30353  0.0027088
   1.32311 0.00284296
   1.34269 0.00298512
   1.36228 0.00313031
   1.38186 0.00327318
   1.40144 0.00341626
   1.42102 0.00356377
   1.44061 0.00371692
   1.46019 0.00387225
   1.47977 0.00402847
   1.49935 0.00418686
   1.51894 0.00434379
   1.53852 0.00450146
    1.5581  0.0046542
   1.57768 0.00480515
   1.59727  0.0049572
   1.61685 0.00510963
   1.63643 0.00526327
   1.65601 0.00541739
    1.6756 0.00556967
   1.69518 0.00571983
   1.71314  0.0058442
   1.72902 0.00596264
   1.74403 0.00606988
   1.75821 0.00616589
    1.7716 0.00625692
   1.78426 0.00634507
   1.79621 0.00643209
   1.80751 0.00651483
   1.81818 0.00659351
   1.82826 0.00667016
   1.83779 0.00674551
   1.84679 0.00681969
   1.85529 0.00689298
   1.86332  0.0069652
   1.87091 0.00703737
   1.87808 0.00711005
   1.88485 0.00718398
   1.89125  0.0072594
   1.89729 0.00733681
     1.903 0.00741669
    1.9084 0.00749981
    1.9135 0.00758668
   1.91831 0.00767782
   1.92286  0.0077737
   1.92716  0.0078749
   1.93122  0.0079821
   1.93506 0.00809578
   1.93868 0.00821644
   1.94211 0.00834455
   1.94534 0.00848043
    1.9484 0.00862422
   1.95129   0.008776
   1.95401 0.00893568
   1.95659 0.00910306
   1.95903 0.00927785
   1.96133 0.00945944
    1.9635 0.00964693
   1.96555 0.00983937
   1.96749  0.0100357
   1.96933  0.0102347
   1.97106  0.0104348
   1.97269  0.0106342
   1.97424   0.010831
    1.9757  0.0110229
   1.97708  0.0112076
   1.97838  0.0113822
   1.97961  0.0115435
   1.98077  0.0116881
   1.98187  0.0118119
   1.98291  0.0119105
   1.98389  0.0119793
   1.98482  0.0120132
   1.98569  0.0120073
   1.98652   0.011957
    1.9873  0.0118579
   1.98804  0.0117065
   1.98874  0.0115005
    1.9894  0.0112388
   1.99002  0.0109219
   1.99061   0.010552
   1.99116  0.0101331
   1.99169 0.00967071
   1.99218 0.00917177
   1.99265 0.00864423
    1.9931  0.0080879
   1.99355  0.0074926
   1.99399 0.00685645
   1.99444 0.00618642
   1.99488 0.00549181
   1.99533 0.00478409
   1.99577 0.00407667
   1.99622 0.00338424
   1.99666 0.00272211
   1.99711 0.00210531
   1.99755 0.00154778
     1.998 0.00106177
   1.99844 0.000657548
   1.99889 0.000343536
   1.99933 0.000126922
   1.99978 1.46265e-05
