 0.0002225 8.45813e-07
 0.0006675 3.30644e-05
 0.0011125 0.000158815
 0.0015575 0.000444943
 0.0020025 0.000950944
 0.0024475  0.0017246
 0.0028925 0.00279628
 0.0033375 0.00417373
 0.0037825 0.00583986
 0.0042275 0.00775426
 0.0046725 0.00985769
 0.0051175  0.0120788
 0.0055625  0.0143416
 0.0060075  0.0165724
 0.0064525  0.0187053
 0.0068975  0.0206863
 0.0073476  0.0224948
0.00781612    0.02414
0.00831203  0.0256003
0.00883694  0.0268284
0.00939255  0.0277861
0.00998065  0.0284475
 0.0106031  0.0288001
  0.011262  0.0288457
 0.0119594  0.0285988
 0.0126977  0.0280852
  0.013479  0.0273384
 0.0143061  0.0263974
 0.0151815  0.0253029
 0.0161082  0.0240951
  0.017089  0.0228116
 0.0181271  0.0214859
  0.019226  0.0201467
 0.0203891  0.0188177
 0.0216203  0.0175178
 0.0229234  0.0162614
 0.0243028  0.0150588
 0.0257628  0.0139172
 0.0273082  0.0128413
  0.028944  0.0118333
 0.0306754  0.0108942
 0.0325081  0.0100236
 0.0344479  0.0092199
 0.0365012 0.00848066
 0.0386746 0.00780281
  0.040975 0.00718312
   0.04341 0.00661846
 0.0459873 0.00610558
 0.0487154 0.00564112
  0.051603 0.00522179
 0.0546595 0.00484438
 0.0578947 0.00450494
 0.0613191 0.00419873
 0.0649437 0.00392181
 0.0687803 0.00367114
 0.0728413 0.00344326
 0.0771397 0.00323539
 0.0816895 0.00304643
 0.0865054 0.00287492
 0.0916029 0.00271778
 0.0969985 0.00257186
   0.10271 0.00243492
  0.108755  0.0023056
  0.115153 0.00218444
  0.121926 0.00207125
  0.129095 0.00196415
  0.136683 0.00186265
  0.144715 0.00176714
  0.153216  0.0016777
  0.162214 0.00159439
  0.171739 0.00151524
  0.181821 0.00143937
  0.192492 0.00136538
  0.203788 0.00129648
  0.215744 0.00123134
  0.228399 0.00117082
  0.241794  0.0011112
  0.255972 0.00105945
   0.27098 0.00100543
  0.286865  0.0009548
  0.304824 0.000913241
  0.324407 0.000849639
  0.343989 0.00078572
  0.363571 0.000731517
  0.383154 0.00068163
  0.402736 0.000637604
  0.422319 0.000594461
  0.441901 0.000555633
  0.461484 0.000518278
  0.481066 0.000482434
  0.500648 0.000446713
  0.520231 0.000411511
  0.539813 0.000380067
  0.559396 0.000351231
  0.578978 0.000323665
   0.59856 0.000296684
  0.618143 0.000270865
  0.637725 0.000246425
  0.657308 0.000223153
   0.67689 0.000201814
  0.696473 0.000182923
  0.716055 0.000165033
  0.735637 0.000147317
   0.75522 0.000130295
  0.774802 0.000113834
  0.794385 9.75872e-05
  0.813967 8.24972e-05
  0.833549 6.84683e-05
  0.853132 5.52328e-05
  0.872714 4.35585e-05
  0.892297 3.34534e-05
  0.911879 2.45654e-05
  0.931462 1.7021e-05
  0.951044 1.10878e-05
  0.970626 7.1669e-06
  0.990209 5.12493e-06
   1.00979 4.6876e-06
   1.02937 6.10133e-06
   1.04896 9.30284e-06
   1.06854 1.4064e-05
   1.08812 2.05439e-05
    1.1077 2.86905e-05
   1.12729 3.82818e-05
   1.14687 4.91394e-05
   1.16645 6.13384e-05
   1.18603 7.51726e-05
   1.20562 9.03793e-05
    1.2252 0.000105974
   1.24478 0.000122311
   1.26436 0.000139833
   1.28395 0.000158574
   1.30353 0.000179091
   1.32311 0.000201691
   1.34269 0.000225159
   1.36228 0.000248091
   1.38186 0.000272352
   1.40144 0.000298004
   1.42102 0.000324538
   1.44061 0.000352296
   1.46019 0.000381363
   1.47977 0.000413356
   1.49935 0.000446783
   1.51894 0.000480888
   1.53852 0.000517753
    1.5581 0.00055657
   1.57768 0.000596971
   1.59727 0.000644356
   1.61685 0.000693026
   1.63643 0.00074804
   1.65601 0.000804355
    1.6756 0.000864192
   1.69518 0.00092656
   1.71314 0.000973984
   1.72902 0.00103037
   1.74403 0.00109039
   1.75821 0.00114673
    1.7716 0.00120932
   1.78426  0.0012727
   1.79621 0.00133978
   1.80751 0.00140781
   1.81818 0.00147938
   1.82826 0.00155385
   1.83779 0.00163451
   1.84679 0.00172084
   1.85529 0.00181227
   1.86332 0.00190713
   1.87091  0.0020055
   1.87808 0.00210784
   1.88485 0.00221483
   1.89125 0.00232785
   1.89729 0.00244891
     1.903 0.00257882
    1.9084 0.00271892
    1.9135 0.00287143
   1.91831 0.00303807
   1.92286 0.00322087
   1.92716 0.00342202
   1.93122 0.00364397
   1.93506 0.00388914
   1.93868 0.00415985
   1.94211  0.0044593
   1.94534 0.00479161
    1.9484 0.00516075
   1.95129 0.00557021
   1.95401 0.00602375
   1.95659 0.00652539
   1.95903 0.00707892
   1.96133 0.00768799
    1.9635 0.00835605
   1.96555 0.00908599
   1.96749 0.00988005
   1.96933    0.01074
   1.97106  0.0116672
   1.97269  0.0126621
   1.97424  0.0137242
    1.9757  0.0148511
   1.97708  0.0160382
   1.97838  0.0172782
   1.97961  0.0185603
   1.98077  0.0198703
   1.98187  0.0211892
   1.98291  0.0224935
   1.98389  0.0237546
   1.98482  0.0249394
   1.98569  0.0260107
   1.98652  0.0269288
    1.9873  0.0276539
   1.98804  0.0281479
   1.98874  0.0283781
    1.9894  0.0283199
   1.99002  0.0279596
   1.99061  0.0272963
   1.99116  0.0263427
   1.99169   0.025125
   1.99218   0.023681
   1.99265  0.0220576
    1.9931  0.0202761
   1.99355  0.0183272
   1.99399  0.0162313
   1.99444  0.0140416
   1.99488  0.0118225
   1.99533 0.00964586
   1.99577  0.0075859
   1.99622 0.00571205
   1.99666 0.00408187
   1.99711 0.00273455
   1.99755  0.0016865
     1.998 0.000929966
   1.99844 0.000435165
   1.99889 0.000155346
   1.99933 3.23488e-05
   1.99978 8.27943e-07
