 0.0002225 5.11036e-06
 0.0006675 6.95857e-05
 0.0011125 0.00029169
 0.0015575 0.000756736
 0.0020025 0.00151971
 0.0024475 0.00258463
 0.0028925 0.00389509
 0.0033375 0.00534055
 0.0037825 0.00677636
 0.0042275 0.00805106
 0.0046725 0.00903305
 0.0051175 0.00962998
 0.0055625 0.00979764
 0.0060075 0.00953876
 0.0064525 0.00889456
 0.0068975 0.00793276
 0.0073476 0.00672098
0.00781612 0.00529774
0.00831203 0.00370798
0.00883694 0.00203045
0.00939255 0.000350542
0.00998065 -0.00124813
 0.0106031 -0.0026914
  0.011262 -0.00392063
 0.0119594 -0.00489664
 0.0126977 -0.00560093
  0.013479 -0.00603469
 0.0143061 -0.00621558
 0.0151815 -0.00617376
 0.0161082 -0.00594709
  0.017089 -0.00557686
 0.0181271 -0.00510406
  0.019226 -0.00456667
 0.0203891 -0.00399777
 0.0216203 -0.00342469
 0.0229234 -0.00286877
 0.0243028 -0.00234575
 0.0257628 -0.00186656
 0.0273082 -0.00143806
  0.028944 -0.00106358
 0.0306754 -0.000743224
 0.0325081 -0.000475691
 0.0344479 -0.000256301
 0.0365012 -8.04382e-05
 0.0386746 5.79123e-05
  0.040975 0.000164231
   0.04341 0.000242349
 0.0459873 0.000297214
 0.0487154 0.000334632
  0.051603 0.000357652
 0.0546595 0.000367066
 0.0578947 0.000365635
 0.0613191 0.000356853
 0.0649437 0.000342629
 0.0687803 0.000322577
 0.0728413 0.000297665
 0.0771397 0.000270304
 0.0816895 0.000240983
 0.0865054 0.000208575
 0.0916029 0.000173921
 0.0969985 0.000139353
   0.10271 0.000108362
  0.108755 8.06793e-05
  0.115153 5.58043e-05
  0.121926 3.19676e-05
  0.129095 9.92021e-06
  0.136683 -8.34414e-06
  0.144715 -2.48141e-05
  0.153216 -3.94496e-05
  0.162214 -5.14591e-05
  0.171739 -6.09294e-05
  0.181821 -6.77909e-05
  0.192492 -6.98827e-05
  0.203788 -7.15161e-05
  0.215744 -7.63637e-05
  0.228399 -7.99354e-05
  0.241794 -8.06621e-05
  0.255972 -8.38988e-05
   0.27098 -8.47259e-05
  0.286865 -8.28235e-05
  0.304824 -0.000107949
  0.324407 -9.91041e-05
  0.343989 -8.5773e-05
  0.363571 -7.48049e-05
  0.383154 -6.74971e-05
  0.402736 -6.19689e-05
  0.422319 -5.0452e-05
  0.441901 -4.37931e-05
  0.461484 -3.57755e-05
  0.481066 -2.55621e-05
  0.500648 -1.65536e-05
  0.520231 -7.77529e-06
  0.539813 -1.67257e-07
  0.559396 6.1341e-06
  0.578978 1.19865e-05
   0.59856 1.78658e-05
  0.618143 2.45571e-05
  0.637725 3.18724e-05
  0.657308 3.92452e-05
   0.67689 4.52428e-05
  0.696473 4.86973e-05
  0.716055 5.23603e-05
  0.735637 5.72752e-05
   0.75522 6.24949e-05
  0.774802 6.78245e-05
  0.794385 7.22945e-05
  0.813967 7.70667e-05
  0.833549 8.19896e-05
  0.853132 8.69868e-05
  0.872714 9.16696e-05
  0.892297 9.66368e-05
  0.911879 0.000100536
  0.931462 0.000103211
  0.951044 0.000105596
  0.970626 0.000107589
  0.990209 0.000108735
   1.00979 0.000109361
   1.02937 0.000108727
   1.04896 0.000107544
   1.06854 0.000105743
   1.08812 0.000102961
    1.1077 9.94513e-05
   1.12729 9.56813e-05
   1.14687 9.18869e-05
   1.16645 8.6956e-05
   1.18603 8.00125e-05
   1.20562 7.31083e-05
    1.2252 6.76476e-05
   1.24478 6.31685e-05
   1.26436 5.79375e-05
   1.28395 5.11741e-05
   1.30353 4.46849e-05
   1.32311 3.77247e-05
   1.34269 3.04331e-05
   1.36228 2.5479e-05
   1.38186 1.93199e-05
   1.40144 9.97345e-06
   1.42102 2.70816e-06
   1.44061 -2.10852e-06
   1.46019 -8.6222e-06
   1.47977 -1.73077e-05
   1.49935 -2.38709e-05
   1.51894 -2.98258e-05
   1.53852 -3.6002e-05
    1.5581 -4.30504e-05
   1.57768 -4.98037e-05
   1.59727 -5.88457e-05
   1.61685 -6.88766e-05
   1.63643 -8.1747e-05
   1.65601 -9.46936e-05
    1.6756 -0.000104101
   1.69518 -0.000103718
   1.71314 -7.95984e-05
   1.72902 -8.79819e-05
   1.74403 -9.45613e-05
   1.75821 -9.51919e-05
    1.7716 -9.28955e-05
   1.78426 -9.01572e-05
   1.79621 -8.60974e-05
   1.80751 -8.00244e-05
   1.81818 -7.3464e-05
   1.82826 -6.60704e-05
   1.83779 -5.81157e-05
   1.84679 -4.8518e-05
   1.85529 -3.46602e-05
   1.86332 -1.83926e-05
   1.87091 2.15007e-06
   1.87808 2.74164e-05
   1.88485  5.814e-05
   1.89125 9.23914e-05
   1.89729 0.00012822
     1.903 0.000164293
    1.9084 0.00020058
    1.9135 0.000234962
   1.91831 0.000267316
   1.92286 0.00029754
   1.92716 0.000324513
   1.93122 0.000348536
   1.93506 0.000368917
   1.93868 0.000385532
   1.94211 0.000397592
   1.94534 0.000402979
    1.9484 0.000398705
   1.95129 0.000383117
   1.95401 0.000351802
   1.95659 0.000300194
   1.95903 0.000224869
   1.96133 0.000121005
    1.9635 -1.79295e-05
   1.96555 -0.000196692
   1.96749 -0.000418764
   1.96933 -0.000688243
   1.97106 -0.00100898
   1.97269 -0.0013834
   1.97424 -0.00181131
    1.9757 -0.00228994
   1.97708 -0.00281315
   1.97838 -0.00336966
   1.97961 -0.00394267
   1.98077 -0.00450995
   1.98187 -0.0050438
   1.98291 -0.00551124
   1.98389 -0.00587478
   1.98482 -0.00609413
   1.98569 -0.00612892
   1.98652 -0.00594241
    1.9873 -0.00550567
   1.98804 -0.0048022
   1.98874 -0.00383181
    1.9894 -0.00261362
   1.99002 -0.00118698
   1.99061 0.000389825
   1.99116 0.00204352
   1.99169 0.00369189
   1.99218  0.0052513
   1.99265 0.00664492
    1.9931 0.00782919
   1.99355 0.00876677
   1.99399 0.00939181
   1.99444 0.00963854
   1.99488 0.00946718
   1.99533 0.00887555
   1.99577 0.00790735
   1.99622 0.00665324
   1.99666  0.0052422
   1.99711 0.00382261
   1.99755 0.00253614
     1.998   0.001491
   1.99844 0.000742355
   1.99889 0.000286116
   1.99933 6.82464e-05
   1.99978 5.00895e-06
