 0.0002225  0.0046496
 0.0006675  0.0139171
 0.0011125  0.0231616
 0.0015575  0.0323667
 0.0020025  0.0414947
 0.0024475  0.0504906
 0.0028925  0.0592865
 0.0033375  0.0678081
 0.0037825  0.0759815
 0.0042275  0.0837386
 0.0046725  0.0910223
 0.0051175  0.0977893
 0.0055625   0.104011
 0.0060075   0.109675
 0.0064525   0.114782
 0.0068975   0.119342
 0.0073476   0.123425
0.00781612   0.127141
0.00831203   0.130518
0.00883694   0.133519
0.00939255    0.13612
0.00998065   0.138302
 0.0106031   0.140059
  0.011262   0.141392
 0.0119594   0.142309
 0.0126977   0.142828
  0.013479   0.142971
 0.0143061   0.142767
 0.0151815   0.142244
 0.0161082   0.141436
  0.017089   0.140374
 0.0181271    0.13909
  0.019226   0.137614
 0.0203891   0.135975
 0.0216203   0.134198
 0.0229234   0.132308
 0.0243028   0.130327
 0.0257628   0.128276
 0.0273082   0.126171
  0.028944    0.12403
 0.0306754    0.12187
 0.0325081   0.119703
 0.0344479   0.117546
 0.0365012    0.11541
 0.0386746    0.11331
  0.040975   0.111256
   0.04341   0.109259
 0.0459873   0.107328
 0.0487154   0.105473
  0.051603     0.1037
 0.0546595   0.102013
 0.0578947   0.100414
 0.0613191  0.0989078
 0.0649437  0.0974929
 0.0687803  0.0961658
 0.0728413  0.0949249
 0.0771397  0.0937693
 0.0816895  0.0926942
 0.0865054  0.0916913
 0.0916029  0.0907505
 0.0969985  0.0898648
   0.10271  0.0890317
  0.108755  0.0882459
  0.115153  0.0875034
  0.121926  0.0867964
  0.129095  0.0861159
  0.136683  0.0854596
  0.144715  0.0848149
  0.153216  0.0841791
  0.162214  0.0835512
  0.171739  0.0829303
  0.181821  0.0823187
  0.192492  0.0817135
  0.203788  0.0810862
  0.215744  0.0804148
  0.228399  0.0796962
  0.241794  0.0789246
  0.255972  0.0781106
   0.27098  0.0772532
  0.286865  0.0763346
  0.304824  0.0753285
  0.324407  0.0741757
  0.343989  0.0730026
  0.363571  0.0717566
  0.383154  0.0704876
  0.402736  0.0692573
  0.422319  0.0680328
  0.441901  0.0667906
  0.461484  0.0655608
  0.481066  0.0643539
  0.500648  0.0631121
  0.520231  0.0619121
  0.539813  0.0607632
  0.559396  0.0596033
  0.578978  0.0584203
   0.59856  0.0572282
  0.618143  0.0559965
  0.637725  0.0547411
  0.657308  0.0534689
   0.67689  0.0521574
  0.696473  0.0508057
  0.716055  0.0494452
  0.735637  0.0480658
   0.75522  0.0466847
  0.774802  0.0453275
  0.794385  0.0439805
  0.813967  0.0426556
  0.833549  0.0413521
  0.853132  0.0401207
  0.872714  0.0389795
  0.892297  0.0379634
  0.911879  0.0370629
  0.931462  0.0363067
  0.951044  0.0357491
  0.970626  0.0354138
  0.990209  0.0352836
   1.00979  0.0353678
   1.02937  0.0356616
   1.04896  0.0361343
   1.06854   0.036779
   1.08812  0.0376084
    1.1077  0.0385882
   1.12729  0.0396629
   1.14687  0.0408384
   1.16645  0.0420868
   1.18603  0.0433631
   1.20562  0.0446741
    1.2252  0.0459594
   1.24478  0.0472543
   1.26436  0.0485823
   1.28395  0.0499171
   1.30353  0.0512345
   1.32311  0.0525522
   1.34269  0.0539135
   1.36228  0.0552781
   1.38186  0.0565973
   1.40144   0.057884
   1.42102  0.0591727
   1.44061  0.0604761
   1.46019  0.0617841
   1.47977  0.0630392
   1.49935  0.0642863
   1.51894  0.0655342
   1.53852  0.0667927
    1.5581  0.0679968
   1.57768  0.0691727
   1.59727  0.0703264
   1.61685  0.0714847
   1.63643  0.0726653
   1.65601  0.0738365
    1.6756  0.0749634
   1.69518  0.0760088
   1.71314  0.0768341
   1.72902  0.0776043
   1.74403  0.0783025
   1.75821  0.0789237
    1.7716  0.0795354
   1.78426  0.0801367
   1.79621  0.0807508
   1.80751  0.0813499
   1.81818  0.0819335
   1.82826  0.0825154
   1.83779  0.0830965
   1.84679  0.0836789
   1.85529  0.0842715
   1.86332  0.0848796
   1.87091  0.0855075
   1.87808  0.0861589
   1.88485  0.0868426
   1.89125  0.0875631
   1.89729  0.0883273
     1.903  0.0891396
    1.9084  0.0900076
    1.9135   0.090939
   1.91831  0.0919405
   1.92286  0.0930162
   1.92716  0.0941689
   1.93122  0.0954036
   1.93506  0.0967254
   1.93868  0.0981377
   1.94211  0.0996425
   1.94534    0.10124
    1.9484   0.102927
   1.95129   0.104701
   1.95401   0.106557
   1.95659   0.108488
   1.95903   0.110487
   1.96133   0.112543
    1.9635   0.114646
   1.96555   0.116783
   1.96749   0.118943
   1.96933   0.121111
   1.97106   0.123272
   1.97269   0.125413
   1.97424   0.127515
    1.9757   0.129563
   1.97708   0.131537
   1.97838   0.133419
   1.97961   0.135186
   1.98077   0.136816
   1.98187   0.138281
   1.98291   0.139555
   1.98389   0.140606
   1.98482   0.141404
   1.98569   0.141916
   1.98652    0.14211
    1.9873   0.141957
   1.98804   0.141429
   1.98874   0.140505
    1.9894   0.139166
   1.99002   0.137406
   1.99061   0.135222
   1.99116   0.132624
   1.99169   0.129629
   1.99218   0.126262
   1.99265   0.122558
    1.9931   0.118492
   1.99355   0.113953
   1.99399   0.108874
   1.99444   0.103242
   1.99488  0.0970581
   1.99533  0.0903352
   1.99577  0.0831014
   1.99622  0.0753994
   1.99666   0.067286
   1.99711  0.0588282
   1.99755  0.0500993
     1.998  0.0411727
   1.99844  0.0321154
   1.99889  0.0229819
   1.99933  0.0138092
   1.99978 0.00461361
