 0.0002225 1.70403e-05
 0.0006675  0.0001615
 0.0011125 0.000423878
 0.0015575 0.000792733
 0.0020025 0.00124944
 0.0024475  0.0017796
 0.0028925 0.00237167
 0.0033375 0.00301559
 0.0037825 0.00370236
 0.0042275 0.00442402
 0.0046725 0.00517358
 0.0051175 0.00594497
 0.0055625 0.00673289
 0.0060075 0.00753279
 0.0064525 0.00834073
 0.0068975 0.00915337
 0.0073476 0.00997744
0.00781612  0.0108352
0.00831203  0.0117407
0.00883694  0.0126936
0.00939255  0.0136935
0.00998065  0.0147395
 0.0106031  0.0158303
  0.011262  0.0169642
 0.0119594  0.0181391
 0.0126977  0.0193524
  0.013479  0.0206009
 0.0143061  0.0218812
 0.0151815  0.0231891
 0.0161082  0.0245203
  0.017089  0.0258699
 0.0181271  0.0272325
  0.019226  0.0286028
 0.0203891  0.0299749
 0.0216203  0.0313431
 0.0229234  0.0327013
 0.0243028  0.0340437
 0.0257628  0.0353646
 0.0273082  0.0366582
  0.028944  0.0379192
 0.0306754  0.0391424
 0.0325081  0.0403227
 0.0344479  0.0414556
 0.0365012   0.042537
 0.0386746   0.043563
  0.040975  0.0445306
   0.04341  0.0454372
 0.0459873  0.0462811
 0.0487154   0.047061
  0.051603  0.0477773
 0.0546595  0.0484308
 0.0578947   0.049023
 0.0613191   0.049556
 0.0649437   0.050032
 0.0687803  0.0504541
 0.0728413  0.0508257
 0.0771397  0.0511501
 0.0816895  0.0514306
 0.0865054  0.0516705
 0.0916029  0.0518731
 0.0969985  0.0520414
   0.10271  0.0521771
  0.108755  0.0522807
  0.115153  0.0523528
  0.121926  0.0523935
  0.129095  0.0524055
  0.136683  0.0523881
  0.144715   0.052345
  0.153216  0.0522764
  0.162214  0.0521851
  0.171739  0.0520649
  0.181821  0.0519176
  0.192492  0.0517362
  0.203788  0.0515252
  0.215744  0.0512812
  0.228399    0.05101
  0.241794  0.0507026
  0.255972  0.0503656
   0.27098  0.0499916
  0.286865  0.0495965
  0.304824   0.049145
  0.324407  0.0486204
  0.343989  0.0480804
  0.363571  0.0475278
  0.383154  0.0469683
  0.402736  0.0463927
  0.422319   0.045812
  0.441901  0.0452262
  0.461484  0.0446276
  0.481066  0.0440226
  0.500648  0.0434174
  0.520231  0.0428014
  0.539813  0.0421738
  0.559396  0.0415345
  0.578978  0.0408778
   0.59856  0.0402094
  0.618143  0.0395249
  0.637725  0.0388392
  0.657308  0.0381473
   0.67689  0.0374678
  0.696473  0.0368028
  0.716055  0.0361482
  0.735637  0.0355082
   0.75522   0.034881
  0.774802  0.0342761
  0.794385  0.0336869
  0.813967  0.0331152
  0.833549  0.0325663
  0.853132  0.0320626
  0.872714  0.0316002
  0.892297  0.0311835
  0.911879  0.0308239
  0.931462  0.0305239
  0.951044  0.0302815
  0.970626  0.0301014
  0.990209  0.0299873
   1.00979  0.0299494
   1.02937  0.0299855
   1.04896  0.0300917
   1.06854   0.030256
   1.08812  0.0304792
    1.1077   0.030763
   1.12729  0.0311073
   1.14687  0.0314997
   1.16645  0.0319404
   1.18603  0.0324245
   1.20562  0.0329575
    1.2252  0.0335446
   1.24478  0.0341703
   1.26436  0.0348197
   1.28395    0.03548
   1.30353  0.0361577
   1.32311  0.0368317
   1.34269  0.0375226
   1.36228  0.0382178
   1.38186   0.038908
   1.40144  0.0396033
   1.42102  0.0403072
   1.44061  0.0410117
   1.46019   0.041716
   1.47977  0.0424115
   1.49935  0.0430853
   1.51894  0.0437401
   1.53852  0.0443677
    1.5581  0.0449827
   1.57768  0.0455801
   1.59727  0.0461712
   1.61685  0.0467584
   1.63643  0.0473352
   1.65601   0.047909
    1.6756  0.0484729
   1.69518  0.0490086
   1.71314  0.0494883
   1.72902  0.0499168
   1.74403   0.050323
   1.75821  0.0506869
    1.7716   0.051014
   1.78426  0.0513022
   1.79621  0.0515576
   1.80751  0.0517794
   1.81818  0.0519695
   1.82826  0.0521292
   1.83779  0.0522579
   1.84679  0.0523583
   1.85529  0.0524302
   1.86332  0.0524733
   1.87091   0.052486
   1.87808  0.0524692
   1.88485   0.052423
   1.89125  0.0523483
   1.89729  0.0522449
     1.903  0.0521103
    1.9084  0.0519418
    1.9135  0.0517379
   1.91831  0.0514962
   1.92286  0.0512133
   1.92716  0.0508854
   1.93122  0.0505092
   1.93506  0.0500816
   1.93868   0.049599
   1.94211  0.0490584
   1.94534   0.048457
    1.9484  0.0477931
   1.95129  0.0470656
   1.95401  0.0462745
   1.95659  0.0454199
   1.95903   0.044503
   1.96133  0.0435255
    1.9635    0.04249
   1.96555  0.0413995
   1.96749  0.0402578
   1.96933  0.0390693
   1.97106  0.0378386
   1.97269  0.0365709
   1.97424  0.0352716
    1.9757  0.0339461
   1.97708  0.0326001
   1.97838  0.0312394
   1.97961  0.0298699
   1.98077  0.0284973
   1.98187  0.0271274
   1.98291  0.0257659
   1.98389  0.0244182
   1.98482  0.0230893
   1.98569  0.0217842
   1.98652  0.0205071
    1.9873  0.0192621
   1.98804  0.0180525
   1.98874  0.0168816
    1.9894  0.0157518
   1.99002  0.0146651
   1.99061  0.0136233
   1.99116  0.0126276
   1.99169  0.0116788
   1.99218  0.0107774
   1.99265 0.00992352
    1.9931 0.00910331
   1.99355 0.00829455
   1.99399 0.00749057
   1.99444 0.00669467
   1.99488 0.00591078
   1.99533 0.00514343
   1.99577 0.00439788
   1.99622 0.00368017
   1.99666 0.00299724
   1.99711 0.00235701
   1.99755 0.00176842
     1.998 0.00124146
   1.99844 0.000787563
   1.99889 0.000421044
   1.99933 0.000160379
   1.99978 1.68995e-05
