 0.0002225 0.00283918
 0.0006675 0.00799116
 0.0011125  0.0126711
 0.0015575   0.016921
 0.0020025  0.0207771
 0.0024475  0.0242721
 0.0028925  0.0274369
 0.0033375  0.0303013
 0.0037825  0.0328944
 0.0042275  0.0352442
 0.0046725  0.0373771
 0.0051175  0.0393177
 0.0055625  0.0410883
 0.0060075  0.0427089
 0.0064525  0.0441969
 0.0068975  0.0455675
 0.0073476  0.0468492
0.00781612  0.0480847
0.00831203  0.0492928
0.00883694  0.0504722
0.00939255  0.0516214
0.00998065   0.052739
 0.0106031  0.0538233
  0.011262  0.0548726
 0.0119594   0.055885
 0.0126977  0.0568584
  0.013479  0.0577908
 0.0143061  0.0586804
 0.0151815  0.0595251
 0.0161082  0.0603233
  0.017089  0.0610736
 0.0181271   0.061775
  0.019226  0.0624267
 0.0203891  0.0630285
 0.0216203  0.0635803
 0.0229234  0.0640827
 0.0243028  0.0645361
 0.0257628  0.0649412
 0.0273082  0.0652987
  0.028944  0.0656094
 0.0306754  0.0658745
 0.0325081  0.0660958
 0.0344479  0.0662757
 0.0365012  0.0664169
 0.0386746  0.0665225
  0.040975  0.0665956
   0.04341  0.0666387
 0.0459873  0.0666542
 0.0487154  0.0666446
  0.051603  0.0666109
 0.0546595  0.0665535
 0.0578947  0.0664735
 0.0613191  0.0663712
 0.0649437  0.0662478
 0.0687803  0.0661043
 0.0728413  0.0659409
 0.0771397  0.0657598
 0.0816895  0.0655646
 0.0865054  0.0653575
 0.0916029  0.0651397
 0.0969985  0.0649108
   0.10271  0.0646704
  0.108755  0.0644198
  0.115153  0.0641617
  0.121926  0.0638916
  0.129095  0.0636071
  0.136683  0.0633103
  0.144715  0.0630014
  0.153216  0.0626889
  0.162214  0.0623775
  0.171739  0.0620667
  0.181821  0.0617479
  0.192492  0.0614102
  0.203788  0.0610506
  0.215744  0.0606568
  0.228399  0.0602271
  0.241794  0.0597779
  0.255972  0.0593058
   0.27098  0.0588075
  0.286865  0.0582518
  0.304824  0.0576999
  0.324407  0.0569124
  0.343989  0.0561572
  0.363571  0.0553396
  0.383154  0.0544922
  0.402736  0.0536149
  0.422319  0.0527653
  0.441901  0.0519568
  0.461484  0.0511591
  0.481066  0.0503353
  0.500648  0.0494723
  0.520231  0.0485715
  0.539813  0.0476384
  0.559396  0.0466826
  0.578978  0.0457052
   0.59856  0.0447388
  0.618143  0.0437523
  0.637725  0.0427306
  0.657308  0.0417464
   0.67689  0.0407675
  0.696473   0.039761
  0.716055  0.0387592
  0.735637  0.0377559
   0.75522  0.0367894
  0.774802  0.0358769
  0.794385  0.0350061
  0.813967  0.0341716
  0.833549  0.0333898
  0.853132  0.0326661
  0.872714   0.032004
  0.892297  0.0313982
  0.911879  0.0308608
  0.931462  0.0304123
  0.951044  0.0300457
  0.970626  0.0297452
  0.990209  0.0295519
   1.00979  0.0294836
   1.02937  0.0295257
   1.04896  0.0296557
   1.06854  0.0298781
   1.08812  0.0302081
    1.1077   0.030635
   1.12729  0.0311657
   1.14687  0.0317802
   1.16645  0.0324596
   1.18603  0.0331927
   1.20562  0.0339797
    1.2252  0.0348064
   1.24478  0.0356656
   1.26436  0.0365698
   1.28395  0.0375295
   1.30353   0.038539
   1.32311  0.0395931
   1.34269  0.0406895
   1.36228  0.0417654
   1.38186  0.0427699
   1.40144  0.0437441
   1.42102  0.0447376
   1.44061  0.0457659
   1.46019  0.0467654
   1.47977   0.047794
   1.49935   0.048833
   1.51894  0.0497961
   1.53852  0.0507264
    1.5581  0.0515887
   1.57768  0.0524204
   1.59727  0.0532617
   1.61685  0.0540635
   1.63643   0.054824
   1.65601  0.0555667
    1.6756  0.0563047
   1.69518  0.0571007
   1.71314  0.0577566
   1.72902  0.0584051
   1.74403  0.0589582
   1.75821  0.0594447
    1.7716  0.0598794
   1.78426   0.060302
   1.79621  0.0607067
   1.80751  0.0610799
   1.81818  0.0614256
   1.82826  0.0617582
   1.83779  0.0620895
   1.84679  0.0624166
   1.85529  0.0627324
   1.86332  0.0630271
   1.87091  0.0633122
   1.87808  0.0635903
   1.88485  0.0638604
   1.89125  0.0641183
   1.89729  0.0643612
     1.903  0.0645912
    1.9084  0.0648096
    1.9135  0.0650127
   1.91831  0.0651975
   1.92286   0.065365
   1.92716  0.0655188
   1.93122  0.0656595
   1.93506  0.0657846
   1.93868  0.0658924
   1.94211  0.0659829
   1.94534  0.0660552
    1.9484  0.0661081
   1.95129  0.0661398
   1.95401  0.0661485
   1.95659  0.0661325
   1.95903    0.06609
   1.96133  0.0660183
    1.9635  0.0659145
   1.96555  0.0657758
   1.96749     0.0656
   1.96933   0.065385
   1.97106  0.0651283
   1.97269  0.0648275
   1.97424  0.0644806
    1.9757  0.0640862
   1.97708  0.0636428
   1.97838  0.0631498
   1.97961  0.0626066
   1.98077   0.062013
   1.98187  0.0613693
   1.98291  0.0606761
   1.98389  0.0599341
   1.98482  0.0591447
   1.98569  0.0583091
   1.98652   0.057429
    1.9873  0.0565062
   1.98804  0.0555424
   1.98874  0.0545395
    1.9894  0.0534996
   1.99002  0.0524245
   1.99061  0.0513159
   1.99116  0.0501755
   1.99169  0.0490049
   1.99218  0.0478055
   1.99265  0.0465785
    1.9931  0.0453054
   1.99355  0.0439437
   1.99399  0.0424651
   1.99444  0.0408546
   1.99488  0.0390947
   1.99533  0.0371656
   1.99577  0.0350451
   1.99622  0.0327088
   1.99666  0.0301303
   1.99711   0.027282
   1.99755  0.0241349
     1.998  0.0206594
   1.99844  0.0168248
   1.99889  0.0125987
   1.99933 0.00794517
   1.99978 0.00282264
