 0.0002225  0.0287125
 0.0006675  0.0266573
 0.0011125  0.0248425
 0.0015575  0.0229336
 0.0020025  0.0206822
 0.0024475  0.0179405
 0.0028925  0.0146732
 0.0033375  0.0109552
 0.0037825 0.00694939
 0.0042275 0.00286957
 0.0046725 -0.00106148
 0.0051175  -0.004648
 0.0055625 -0.00774443
 0.0060075 -0.0102656
 0.0064525 -0.0121835
 0.0068975 -0.0135183
 0.0073476  -0.014335
0.00781612 -0.0147016
0.00831203 -0.0146519
0.00883694 -0.0142319
0.00939255 -0.0135071
0.00998065 -0.0125556
 0.0106031  -0.011459
  0.011262 -0.0102953
 0.0119594 -0.00913243
 0.0126977 -0.0080244
  0.013479 -0.00700931
 0.0143061 -0.0061098
 0.0151815 -0.00533495
 0.0161082 -0.00468321
  0.017089 -0.00414557
 0.0181271 -0.00370849
  0.019226 -0.0033564
 0.0203891 -0.00307363
 0.0216203 -0.00284563
 0.0229234 -0.0026596
 0.0243028 -0.0025049
 0.0257628 -0.00237267
 0.0273082 -0.00225577
  0.028944 -0.00214885
 0.0306754 -0.00204812
 0.0325081 -0.00195084
 0.0344479 -0.00185647
 0.0365012 -0.00176412
 0.0386746 -0.00167418
  0.040975 -0.00158668
   0.04341 -0.00149991
 0.0459873 -0.00141428
 0.0487154 -0.00133217
  0.051603 -0.00125329
 0.0546595 -0.00117553
 0.0578947 -0.00109999
 0.0613191 -0.00102818
 0.0649437 -0.000960204
 0.0687803 -0.000894438
 0.0728413 -0.000831098
 0.0771397 -0.000772168
 0.0816895 -0.0007178
 0.0865054 -0.000667153
 0.0916029 -0.000619642
 0.0969985 -0.000575115
   0.10271 -0.00053452
  0.108755 -0.00049691
  0.115153 -0.000463526
  0.121926 -0.000432945
  0.129095 -0.000404487
  0.136683 -0.000379559
  0.144715 -0.000356169
  0.153216 -0.000335356
  0.162214 -0.000317219
  0.171739 -0.000300846
  0.181821 -0.000286744
  0.192492 -0.000274476
  0.203788 -0.000263494
  0.215744 -0.00025266
  0.228399 -0.000242943
  0.241794 -0.000234011
  0.255972 -0.000226747
   0.27098 -0.000221502
  0.286865 -0.000223006
  0.304824 -0.00018805
  0.324407 -0.000188479
  0.343989 -0.000178939
  0.363571 -0.000165905
  0.383154 -0.000152815
  0.402736 -0.000140861
  0.422319 -0.000130143
  0.441901 -0.000119918
  0.461484 -0.000110671
  0.481066 -0.000102359
  0.500648 -9.35698e-05
  0.520231 -8.58554e-05
  0.539813 -7.93827e-05
  0.559396 -7.31195e-05
  0.578978 -6.68698e-05
   0.59856 -6.17754e-05
  0.618143 -5.65473e-05
  0.637725 -5.1465e-05
  0.657308 -4.75117e-05
   0.67689 -4.37454e-05
  0.696473 -3.98292e-05
  0.716055 -3.6581e-05
  0.735637 -3.32335e-05
   0.75522 -3.01302e-05
  0.774802 -2.76969e-05
  0.794385 -2.52093e-05
  0.813967 -2.29046e-05
  0.833549 -2.05402e-05
  0.853132 -1.87303e-05
  0.872714 -1.70681e-05
  0.892297 -1.57468e-05
  0.911879 -1.44782e-05
  0.931462 -1.34696e-05
  0.951044 -1.28018e-05
  0.970626 -1.22854e-05
  0.990209 -1.18916e-05
   1.00979 -1.18936e-05
   1.02937 -1.22497e-05
   1.04896 -1.26002e-05
   1.06854 -1.29645e-05
   1.08812 -1.38539e-05
    1.1077 -1.50284e-05
   1.12729 -1.62641e-05
   1.14687 -1.78347e-05
   1.16645 -1.97338e-05
   1.18603 -2.14603e-05
   1.20562 -2.39195e-05
    1.2252 -2.61231e-05
   1.24478 -2.85336e-05
   1.26436 -3.15132e-05
   1.28395 -3.48603e-05
   1.30353 -3.82902e-05
   1.32311 -4.16441e-05
   1.34269 -4.64655e-05
   1.36228 -5.15561e-05
   1.38186 -5.59874e-05
   1.40144 -6.06656e-05
   1.42102 -6.61881e-05
   1.44061 -7.27703e-05
   1.46019 -7.94509e-05
   1.47977 -8.63278e-05
   1.49935 -9.42745e-05
   1.51894 -0.000102036
   1.53852 -0.00011161
    1.5581 -0.000120748
   1.57768 -0.000130772
   1.59727 -0.000142293
   1.61685 -0.000154522
   1.63643 -0.000167555
   1.65601 -0.000181044
    1.6756 -0.000192415
   1.69518 -0.000191751
   1.71314 -0.000227493
   1.72902 -0.000227433
   1.74403 -0.000234043
   1.75821 -0.000240436
    1.7716 -0.000248896
   1.78426 -0.000258357
   1.79621 -0.000270515
   1.80751 -0.000282551
   1.81818 -0.000294945
   1.82826 -0.0003095
   1.83779 -0.000326213
   1.84679 -0.000344726
   1.85529 -0.000365762
   1.86332 -0.000388047
   1.87091 -0.000413155
   1.87808 -0.000440648
   1.88485 -0.00047144
   1.89125 -0.000504791
   1.89729 -0.000541235
     1.903 -0.000580543
    1.9084 -0.000623777
    1.9135 -0.000670587
   1.91831 -0.000721006
   1.92286 -0.000774854
   1.92716 -0.000831898
   1.93122 -0.000892885
   1.93506 -0.000956919
   1.93868 -0.0010238
   1.94211 -0.00109399
   1.94534 -0.00116774
    1.9484 -0.00124368
   1.95129 -0.00132247
   1.95401 -0.00140286
   1.95659 -0.00148451
   1.95903 -0.00156898
   1.96133 -0.0016562
    1.9635 -0.0017439
   1.96555 -0.00183225
   1.96749 -0.0019234
   1.96933 -0.00201854
   1.97106 -0.00211861
   1.97269 -0.00222536
   1.97424 -0.00234243
    1.9757 -0.00247441
   1.97708 -0.00262711
   1.97838 -0.00280938
   1.97961 -0.00303288
   1.98077 -0.00331115
   1.98187 -0.00365901
   1.98291 -0.00409192
   1.98389 -0.00462501
   1.98482 -0.00527132
   1.98569 -0.00603934
   1.98652 -0.00692996
    1.9873 -0.0079335
   1.98804 -0.00902686
   1.98874 -0.0101718
    1.9894 -0.0113147
   1.99002 -0.0123885
   1.99061 -0.0133164
   1.99116 -0.0140183
   1.99169 -0.0144186
   1.99218 -0.0144534
   1.99265 -0.0140787
    1.9931 -0.0132621
   1.99355 -0.0119372
   1.99399 -0.0100411
   1.99444 -0.00755491
   1.99488 -0.00450664
   1.99533 -0.000980159
   1.99577   0.002882
   1.99622 0.00688843
   1.99666  0.0108214
   1.99711  0.0144723
   1.99755  0.0176818
     1.998  0.0203769
   1.99844  0.0225929
   1.99889  0.0244749
   1.99933  0.0262668
   1.99978  0.0282971
