1.940457336604595184e-02 6.794169894419610500e-05 1.492739709618717825e-09 2.186776691814884543e-05 1.192992925643920898e+00 -1.474364846944808960e-01 -5.520598962903022766e-03 5.091036319732666016e+00 5.982499122619628906e+00 4.827166080474853516e+00
5.816338956356048584e-02 6.091315881349146366e-04 9.195391470484537422e-08 1.639716065255925059e-04 1.218345403671264648e+00 -3.355165570974349976e-02 -6.711353082209825516e-03 5.149185180664062500e+00 5.273316383361816406e+00 4.749491691589355469e+00
9.678235650062561035e-02 1.683182665146887302e-03 5.833397267451800872e-07 3.953705891035497189e-04 1.222932577133178711e+00 -3.506659716367721558e-02 -7.461155764758586884e-03 5.129432201385498047e+00 5.162132740020751953e+00 4.671460151672363281e+00
1.350842118263244629e-01 3.259497461840510368e-03 1.938396053446922451e-06 6.774943904019892216e-04 1.210212111473083496e+00 -5.433674156665802002e-02 -7.978154346346855164e-03 5.032284736633300781e+00 5.146900653839111328e+00 4.580877304077148438e+00
1.728153973817825317e-01 5.269389133900403976e-03 4.629115665011340752e-06 9.821415878832340240e-04 1.180462121963500977e+00 -8.348138630390167236e-02 -8.292594924569129944e-03 4.863108158111572266e+00 5.177120208740234375e+00 4.480870723724365234e+00
2.096716910600662231e-01 7.602643221616744995e-03 9.082899850909598172e-06 1.289595384150743484e-03 1.135728120803833008e+00 -1.199544146656990051e-01 -8.441764861345291138e-03 4.641107559204101562e+00 5.231575012207031250e+00 4.377645492553710938e+00
2.453336566686630249e-01 1.011823769658803940e-02 1.565943966852501035e-05 1.587161910720169544e-03 1.079483151435852051e+00 -1.613341718912124634e-01 -8.458334021270275116e-03 4.391820430755615234e+00 5.295643329620361328e+00 4.276989459991455078e+00
2.795034646987915039e-01 1.266522891819477081e-02 2.463323289703112096e-05 1.867562998086214066e-03 1.015739798545837402e+00 -2.052168250083923340e-01 -8.344636298716068268e-03 4.139090061187744141e+00 5.358467102050781250e+00 4.182606220245361328e+00
3.120704889297485352e-01 1.511638611555099487e-02 3.624882447184063494e-05 2.128429943695664406e-03 9.480635523796081543e-01 -2.499157786369323730e-01 -8.064401336014270782e-03 3.899787187576293945e+00 5.413715362548828125e+00 4.095752716064453125e+00
3.447123467922210693e-01 1.750618405640125275e-02 5.165305628906935453e-05 2.384389284998178482e-03 8.761735558509826660e-01 -2.969731390476226807e-01 -7.532821968197822571e-03 3.674790859222412109e+00 5.462608814239501953e+00 4.013215541839599609e+00
3.786173462867736816e-01 1.979637518525123596e-02 7.278564589796587825e-05 2.642369363456964493e-03 7.977808117866516113e-01 -3.474485278129577637e-01 -6.583109032362699509e-03 3.461142539978027344e+00 5.500825881958007812e+00 3.930469274520874023e+00
4.132000207901000977e-01 2.181504108011722565e-02 1.013324144878424704e-04 2.896606456488370895e-03 7.155414819717407227e-01 -3.990552127361297607e-01 -5.101600661873817444e-03 3.270757913589477539e+00 5.519815921783447266e+00 3.849163293838500977e+00
4.478043317794799805e-01 2.340460196137428284e-02 1.392368867527693510e-04 3.140648361295461655e-03 6.324816942214965820e-01 -4.492553770542144775e-01 -3.145716851577162743e-03 3.112866878509521484e+00 5.512228488922119141e+00 3.770985603332519531e+00
4.817774593830108643e-01 2.445524558424949646e-02 1.886363752419129014e-04 3.367805620655417442e-03 5.515854358673095703e-01 -4.953535795211791992e-01 -1.062125782482326031e-03 2.992818355560302734e+00 5.472691059112548828e+00 3.697202682495117188e+00
5.145474672317504883e-01 2.492571435868740082e-02 2.517261018510907888e-04 3.572073066607117653e-03 4.753502905368804932e-01 -5.347823500633239746e-01 7.337942370213568211e-04 2.911821603775024414e+00 5.398895263671875000e+00 3.628622055053710938e+00
5.456820130348205566e-01 2.484326250851154327e-02 3.305527206975966692e-04 3.749116556718945503e-03 4.054128527641296387e-01 -5.655167102813720703e-01 2.232649363577365875e-03 2.867400884628295898e+00 5.292943000793457031e+00 3.566232204437255859e+00
5.749081373214721680e-01 2.428565919399261475e-02 4.267569165676832199e-04 3.896445501595735550e-03 3.423570692539215088e-01 -5.863402485847473145e-01 3.619402879849076271e-03 2.853883504867553711e+00 5.161034107208251953e+00 3.511651515960693359e+00
6.020988821983337402e-01 2.335624769330024719e-02 5.412840982899069786e-04 4.012857563793659210e-03 2.859390974044799805e-01 -5.967772006988525391e-01 4.483477678149938583e-03 2.863698720932006836e+00 5.010763645172119141e+00 3.464843511581420898e+00
6.272348761558532715e-01 2.216196060180664062e-02 6.740618264302611351e-04 4.098950885236263275e-03 2.355323731899261475e-01 -5.966240167617797852e-01 3.905098652467131615e-03 2.890139102935791016e+00 4.847820281982421875e+00 3.426094055175781250e+00
6.503705978393554688e-01 2.079546079039573669e-02 8.237276924774050713e-04 4.156456794589757919e-03 1.900380998849868774e-01 -5.856612324714660645e-01 1.685058115981519222e-03 2.927466154098510742e+00 4.675028800964355469e+00 3.397429943084716797e+00
6.716084480285644531e-01 1.932972297072410583e-02 9.874767856672406197e-04 4.185564815998077393e-03 1.480797231197357178e-01 -5.639278292655944824e-01 -8.072453783825039864e-04 2.971241950988769531e+00 4.495268344879150391e+00 3.374220132827758789e+00
6.910735368728637695e-01 1.782412454485893250e-02 1.160923042334616184e-03 4.187389276921749115e-03 1.090590208768844604e-01 -5.324239134788513184e-01 -2.665615873411297798e-03 3.019253253936767578e+00 4.314306735992431641e+00 3.356497049331665039e+00
7.089045643806457520e-01 1.633863709867000580e-02 1.338247326202690601e-03 4.164110869169235229e-03 7.274615764617919922e-02 -4.933386743068695068e-01 -3.883246099576354027e-03 3.067482471466064453e+00 4.140551567077636719e+00 3.342693805694580078e+00
7.252440452575683594e-01 1.493650022894144058e-02 1.512481947429478168e-03 4.115574993193149567e-03 3.954860568046569824e-02 -4.488325119018554688e-01 -4.506845958530902863e-03 3.117853403091430664e+00 3.979629516601562500e+00 3.327912330627441406e+00
7.402708530426025391e-01 1.364555209875106812e-02 1.676238724030554295e-03 4.046747460961341858e-03 1.036334596574306488e-02 -4.000822901725769043e-01 -5.379206500947475433e-03 3.171371698379516602e+00 3.835627317428588867e+00 3.318191051483154297e+00
7.542294263839721680e-01 1.246048323810100555e-02 1.822781399823725224e-03 3.961142618209123611e-03 -1.363380346447229385e-02 -3.475773036479949951e-01 -3.265175269916653633e-03 3.223503351211547852e+00 3.708183288574218750e+00 3.304383754730224609e+00
7.673541307449340820e-01 1.139799878001213074e-02 1.947107259184122086e-03 3.862171201035380363e-03 -2.957883104681968689e-02 -2.940343618392944336e-01 -2.414577407762408257e-03 3.265156984329223633e+00 3.598763704299926758e+00 3.281923055648803711e+00
7.798438668251037598e-01 1.046322844922542572e-02 2.046290319412946701e-03 3.760330844670534134e-03 -3.582772985100746155e-02 -2.427713721990585327e-01 -7.324655307456851006e-04 3.292804956436157227e+00 3.516718387603759766e+00 3.254495382308959961e+00
7.919362783432006836e-01 9.652763605117797852e-03 2.117762574926018715e-03 3.653866471722722054e-03 -3.562264144420623779e-02 -1.976455152034759521e-01 -8.880624664016067982e-04 3.311036586761474609e+00 3.444543600082397461e+00 3.230550527572631836e+00
8.038493394851684570e-01 8.975984528660774231e-03 2.163810655474662781e-03 3.547973698005080223e-03 -3.442728146910667419e-02 -1.602686494588851929e-01 -2.807408105581998825e-03 3.327685594558715820e+00 3.387137651443481445e+00 3.212077140808105469e+00
8.157943487167358398e-01 8.391790091991424561e-03 2.189136808738112450e-03 3.454930614680051804e-03 -2.308831922709941864e-02 -1.301427781581878662e-01 -2.891476731747388840e-03 3.319861412048339844e+00 3.349493503570556641e+00 3.196607589721679688e+00
8.279931545257568359e-01 7.875693030655384064e-03 2.200755057856440544e-03 3.369387239217758179e-03 -8.533583953976631165e-03 -1.055117174983024597e-01 -6.505966211989289150e-06 3.299827814102172852e+00 3.315740108489990234e+00 3.174606561660766602e+00
8.405150771141052246e-01 7.439522538334131241e-03 2.200665418058633804e-03 3.294086782261729240e-03 1.198319438844919205e-02 -8.835153281688690186e-02 -2.422948135063052177e-03 3.270355224609375000e+00 3.287446260452270508e+00 3.148441076278686523e+00
8.535650372505187988e-01 7.075673900544643402e-03 2.196782501414418221e-03 3.235434647649526596e-03 2.869322896003723145e-02 -7.264972478151321411e-02 -5.749908275902271271e-03 3.247846841812133789e+00 3.259441137313842773e+00 3.125732660293579102e+00
8.673689365386962891e-01 6.768259219825267792e-03 2.184344222769141197e-03 3.187266644090414047e-03 4.003854840993881226e-02 -6.168096885085105896e-02 -4.626818001270294189e-03 3.216694593429565430e+00 3.235801458358764648e+00 3.114103078842163086e+00
8.818106055259704590e-01 6.497262977063655853e-03 2.171283354982733727e-03 3.136029699817299843e-03 4.312426969408988953e-02 -4.918968677520751953e-02 1.102638270822353661e-04 3.192296504974365234e+00 3.207242727279663086e+00 3.092364072799682617e+00
8.970901370048522949e-01 6.243713200092315674e-03 2.154515590518712997e-03 3.081897040829062462e-03 5.106472596526145935e-02 -3.469200804829597473e-02 -2.906169509515166283e-03 3.153056859970092773e+00 3.192023038864135742e+00 3.076772689819335938e+00
9.128457307815551758e-01 6.028321105986833572e-03 2.137988805770874023e-03 3.029632149264216423e-03 4.839166626334190369e-02 -1.991825737059116364e-02 -3.063159761950373650e-03 3.114611148834228516e+00 3.175621032714843750e+00 3.061913251876831055e+00
9.296519756317138672e-01 5.818373523652553558e-03 2.119793323799967766e-03 2.980132121592760086e-03 3.656157851219177246e-02 -8.143045008182525635e-03 -3.805105341598391533e-03 3.093040704727172852e+00 3.161689043045043945e+00 3.050428628921508789e+00
9.469865560531616211e-01 5.573380272835493088e-03 2.099293051287531853e-03 2.885313471779227257e-03 1.472567580640316010e-02 -5.555975716561079025e-03 3.040844167117029428e-04 3.061104059219360352e+00 3.127979516983032227e+00 3.048770904541015625e+00
9.664977788925170898e-01 5.325217265635728836e-03 2.055602613836526871e-03 2.797824330627918243e-03 -1.074383780360221863e-02 1.517727156169712543e-03 6.437842966988682747e-04 3.040167093276977539e+00 3.122658491134643555e+00 3.020434379577636719e+00
9.862169027328491211e-01 4.999713972210884094e-03 1.993816345930099487e-03 2.652150811627507210e-03 -5.702665075659751892e-02 2.421631105244159698e-02 -1.029750099405646324e-03 3.038055419921875000e+00 3.120274066925048828e+00 3.020745515823364258e+00
1.003901720046997070e+00 4.676098935306072235e-03 1.901760930195450783e-03 2.508256351575255394e-03 -9.962553530931472778e-02 4.538781568408012390e-02 -3.972501493990421295e-03 3.054806947708129883e+00 3.110437631607055664e+00 3.024275302886962891e+00
1.020435571670532227e+00 4.366176668554544449e-03 1.807602820917963982e-03 2.357881981879472733e-03 -1.409553587436676025e-01 6.668017804622650146e-02 -3.781390143558382988e-03 3.090847015380859375e+00 3.139807462692260742e+00 3.056712865829467773e+00
1.035604953765869141e+00 4.056932870298624039e-03 1.706841983832418919e-03 2.204680815339088440e-03 -1.930560469627380371e-01 8.930689096450805664e-02 3.684998489916324615e-03 3.135773420333862305e+00 3.163167953491210938e+00 3.083161592483520508e+00
1.049680709838867188e+00 3.733284538611769676e-03 1.605262979865074158e-03 2.039427170529961586e-03 -2.177208811044692993e-01 1.208326816558837891e-01 4.198061767965555191e-03 3.195184230804443359e+00 3.190215826034545898e+00 3.095751762390136719e+00
1.062582373619079590e+00 3.429675707593560219e-03 1.502443337813019753e-03 1.864483696408569813e-03 -2.515310347080230713e-01 1.494356840848922729e-01 8.323330432176589966e-03 3.221232414245605469e+00 3.218397855758666992e+00 3.132112026214599609e+00
1.074378490447998047e+00 3.152512013912200928e-03 1.399424858391284943e-03 1.698998268693685532e-03 -2.890797555446624756e-01 1.753873676061630249e-01 3.081995993852615356e-03 3.253184318542480469e+00 3.243649721145629883e+00 3.164067268371582031e+00
1.085242390632629395e+00 2.877849387004971504e-03 1.295986701734364033e-03 1.541585894301533699e-03 -3.309741318225860596e-01 1.939125657081604004e-01 6.094452459365129471e-03 3.315014362335205078e+00 3.263098478317260742e+00 3.202730417251586914e+00
1.095165729522705078e+00 2.599800471216440201e-03 1.193809323012828827e-03 1.389976707287132740e-03 -3.624000251293182373e-01 2.211024910211563110e-01 1.257560867816209793e-02 3.374428272247314453e+00 3.293451547622680664e+00 3.240064859390258789e+00
1.104013562202453613e+00 2.326617483049631119e-03 1.099081477150321007e-03 1.245071645826101303e-03 -3.879849910736083984e-01 2.379902303218841553e-01 1.893644034862518311e-02 3.418317794799804688e+00 3.335018157958984375e+00 3.271055221557617188e+00
1.111984372138977051e+00 2.066673478111624718e-03 1.007782411761581898e-03 1.107759657315909863e-03 -3.990098237991333008e-01 2.621598541736602783e-01 2.534347213804721832e-02 3.477656602859497070e+00 3.394119739532470703e+00 3.305460929870605469e+00
1.118955969810485840e+00 1.843844773247838020e-03 9.244605316780507565e-04 9.879230055958032608e-04 -4.189765453338623047e-01 2.755291759967803955e-01 3.487423807382583618e-02 3.552568912506103516e+00 3.440692663192749023e+00 3.371306657791137695e+00
1.124874711036682129e+00 1.633106730878353119e-03 8.543588919565081596e-04 8.832207531668245792e-04 -4.370531737804412842e-01 2.824151515960693359e-01 2.024664171040058136e-02 3.641910314559936523e+00 3.481559514999389648e+00 3.358811140060424805e+00
1.129800677299499512e+00 1.454848796129226685e-03 7.919830968603491783e-04 7.965537952259182930e-04 -4.179804027080535889e-01 2.643894553184509277e-01 1.630549505352973938e-02 3.642492532730102539e+00 3.539301395416259766e+00 3.344490051269531250e+00
1.133444786071777344e+00 1.314666238613426685e-03 7.434947765432298183e-04 7.248752517625689507e-04 -3.852146863937377930e-01 2.196756899356842041e-01 7.145093753933906555e-03 3.646249294281005859e+00 3.581537485122680664e+00 3.319037675857543945e+00
1.135851263999938965e+00 1.216611592099070549e-03 7.080391515046358109e-04 6.785597070120275021e-04 -3.573183119297027588e-01 1.535084545612335205e-01 -3.790833055973052979e-03 3.672926425933837891e+00 3.608849763870239258e+00 3.268746137619018555e+00
1.137085795402526855e+00 1.158399390988051891e-03 6.906147464178502560e-04 6.539263413287699223e-04 -3.277174830436706543e-01 6.789956986904144287e-02 1.339833717793226242e-03 3.647514581680297852e+00 3.619295120239257812e+00 3.284829139709472656e+00
