1.088641956448554993e-02 2.030301584454718977e-05 5.046036921640961737e-10 8.325222552230115980e-06 1.082722552955150519e+00 7.247458283477462571e-01 -2.194677721167681908e-02 5.224001884460449219e+00 2.864456748962402344e+01 9.032540321350097656e+00
3.264757618308067322e-02 1.809529348975047469e-04 4.905723471892997622e-08 6.497213325928896666e-05 1.108898423731327076e+00 4.215460777520201874e-01 -2.039579317957395527e-02 5.297091960906982422e+00 1.820525360107421875e+01 8.503604888916015625e+00
5.438490211963653564e-02 4.995888448320329189e-04 3.315157641736732330e-07 1.616472145542502403e-04 1.122369989335536999e+00 3.485101366876042217e-01 -1.884538082504514170e-02 5.322369098663330078e+00 1.644240951538085938e+01 8.077967643737792969e+00
7.607353478670120239e-02 9.728906443342566490e-04 1.134490162257861812e-06 2.857281651813536882e-04 1.125810169577598607e+00 2.965033914270461812e-01 -1.715749466960915168e-02 5.293843269348144531e+00 1.534241580963134766e+01 7.675810813903808594e+00
9.767590463161468506e-02 1.594568486325442791e-03 2.754999741227948107e-06 4.275996761862188578e-04 1.118112413167953401e+00 2.526713389037759105e-01 -1.540720970253460151e-02 5.203672885894775391e+00 1.449026203155517578e+01 7.295499801635742188e+00
1.191431283950805664e-01 2.353799529373645782e-03 5.462514309328980744e-06 5.800124490633606911e-04 1.098922632217407269e+00 2.127583741636408510e-01 -1.369867558110854540e-02 5.054743766784667969e+00 1.376887798309326172e+01 6.941445827484130859e+00
1.404175460338592529e-01 3.234627656638622284e-03 9.485036571277305484e-06 7.376065477728843689e-04 1.068968178570270489e+00 1.753050379469577869e-01 -1.212593073838468156e-02 4.859237194061279297e+00 1.313185405731201172e+01 6.617541790008544922e+00
1.614358127117156982e-01 4.216476343572139740e-03 1.500043617852497846e-05 8.965551969595253468e-04 1.029789366722106969e+00 1.398295900650555201e-01 -1.075195600613005828e-02 4.633693695068359375e+00 1.255672740936279297e+01 6.325246334075927734e+00
1.821326762437820435e-01 5.275367759168148041e-03 2.213491643487941474e-05 1.054230262525379658e-03 9.833835958838462732e-01 1.061411608218768426e-01 -9.604698034963802741e-03 4.394608497619628906e+00 1.203093624114990234e+01 6.063953399658203125e+00
2.024441212415695190e-01 6.385651882737874985e-03 3.096708678640425205e-05 1.208918518386781216e-03 9.318200154304504546e-01 7.414486633235356505e-02 -8.682328923328895554e-03 4.155589103698730469e+00 1.154709815979003906e+01 5.831742763519287109e+00
2.223103642463684082e-01 7.521789520978927612e-03 4.153520785621367395e-05 1.359581248834729195e-03 8.769970721006393743e-01 4.378969549685098051e-02 -7.962509952049003428e-03 3.926421165466308594e+00 1.110010623931884766e+01 5.625828742980957031e+00
2.416780740022659302e-01 8.659821934998035431e-03 5.384415635489858687e-05 1.505659893155097961e-03 8.205244441032409908e-01 1.505822795276435568e-02 -7.410701227898244120e-03 3.713331699371337891e+00 1.068624210357666016e+01 5.443145275115966797e+00
2.605021893978118896e-01 9.778476320207118988e-03 6.787340680602937937e-05 1.646918244659900665e-03 7.636908766031265117e-01 -1.204343631726806016e-02 -6.988117515968042016e-03 3.519669771194458008e+00 1.030214214324951172e+01 5.280714035034179688e+00
2.787459790706634521e-01 1.085987314581871033e-02 8.358171908184885979e-05 1.783321727998554707e-03 7.074732313752174484e-01 -3.749147381306101867e-02 -6.658589318263693525e-03 3.346732139587402344e+00 9.945132255554199219e+00 5.135778903961181641e+00
2.963816821575164795e-01 1.188980136066675186e-02 1.009132392937317491e-04 1.914951135404407978e-03 6.525803833305835466e-01 -6.125523199987947115e-02 -6.391673509337124186e-03 3.194396972656250000e+00 9.612649917602539062e+00 5.005912303924560547e+00
3.133907616138458252e-01 1.285764854401350021e-02 1.198030004161410034e-04 2.041947329416871071e-03 5.995050238966941336e-01 -8.332948223278072164e-02 -6.163338800251949752e-03 3.061674356460571289e+00 9.302409172058105469e+00 4.889021873474121094e+00
3.299497663974761963e-01 1.376693043857812881e-02 1.404270587954670191e-04 2.165980404242873192e-03 5.480406194329261460e-01 -1.039967365044212749e-01 -5.952659976457653351e-03 2.945972919464111328e+00 9.009778976440429688e+00 4.782294750213623047e+00
3.464954197406768799e-01 1.463473495095968246e-02 1.634421641938388348e-04 2.290626522153615952e-03 4.970599154829978827e-01 -1.238237171351211086e-01 -5.740104199911002028e-03 2.843472719192504883e+00 8.726010322570800781e+00 4.681912422180175781e+00
3.632383048534393311e-01 1.546202227473258972e-02 1.894211745820939541e-04 2.417595591396093369e-03 4.460135529935360110e-01 -1.429480036592860881e-01 -5.513375407023204250e-03 2.752581596374511719e+00 8.445849418640136719e+00 4.585790634155273438e+00
3.801099956035614014e-01 1.623587124049663544e-02 2.186142228310927749e-04 2.546626608818769455e-03 3.952764195650815826e-01 -1.610820819860091513e-01 -5.271187999496760625e-03 2.673614501953125000e+00 8.169318199157714844e+00 4.493906497955322266e+00
3.970394432544708252e-01 1.694442331790924072e-02 2.512693463359028101e-04 2.677398268133401871e-03 3.452018163204192969e-01 -1.779362276712199709e-01 -5.026425212839967169e-03 2.606627225875854492e+00 7.896687030792236328e+00 4.406216144561767578e+00
4.139545261859893799e-01 1.757733523845672607e-02 2.876303915400058031e-04 2.809507772326469421e-03 2.961185509711504182e-01 -1.932256733683570815e-01 -4.811779830379237129e-03 2.551445007324218750e+00 7.628115653991699219e+00 4.322710990905761719e+00
4.307837784290313721e-01 1.812613755464553833e-02 3.279309312347322702e-04 2.942473394796252251e-03 2.483252373933792223e-01 -2.066743268412537804e-01 -4.678539960354100719e-03 2.507704496383666992e+00 7.363831996917724609e+00 4.243388652801513672e+00
4.474577307701110840e-01 1.858451031148433685e-02 3.723883710335940123e-04 3.075731452554464340e-03 2.020895838811993528e-01 -2.180259351884014929e-01 -4.689399549235531532e-03 2.474878072738647461e+00 7.104153633117675781e+00 4.168251037597656250e+00
4.639112949371337891e-01 1.894838735461235046e-02 4.211973573546856642e-04 3.208656329661607742e-03 1.576466264892369407e-01 -2.270568833492870864e-01 -4.902363519184291772e-03 2.452321052551269531e+00 6.849339485168457031e+00 4.097266674041748047e+00
4.800839126110076904e-01 1.921601407229900360e-02 4.745194746647030115e-04 3.340572817251086235e-03 1.152002316075377147e-01 -2.335890092053450606e-01 -5.351170805879519078e-03 2.439295530319213867e+00 6.599865436553955078e+00 4.030374526977539062e+00
4.959219992160797119e-01 1.938780024647712708e-02 5.324764060787856579e-04 3.470785683020949364e-03 7.492442251386818852e-02 -2.374996181901078696e-01 -6.033741413295501572e-03 2.435011863708496094e+00 6.356472969055175781e+00 3.967517375946044922e+00
5.113784670829772949e-01 1.946616731584072113e-02 5.951423663645982742e-04 3.598598530516028404e-03 3.696544140461628658e-02 -2.387289551184512693e-01 -6.915889133735617783e-03 2.438652992248535156e+00 6.120034217834472656e+00 3.908671379089355469e+00
5.264145731925964355e-01 1.945533044636249542e-02 6.625360110774636269e-04 3.723324742168188095e-03 1.445908893463638449e-03 -2.372836784307146563e-01 -7.943376522976905094e-03 2.449383735656738281e+00 5.891568183898925781e+00 3.853874206542968750e+00
5.409989356994628906e-01 1.936101913452148438e-02 7.346172933466732502e-04 3.844305407255887985e-03 -3.153053568401810447e-02 -2.332315800304058939e-01 -9.045526118781708341e-03 2.466369867324829102e+00 5.672122478485107422e+00 3.803210020065307617e+00
5.551081299781799316e-01 1.919019408524036407e-02 8.112776558846235275e-04 3.960934467613697052e-03 -6.187293670059989398e-02 -2.266903823905158655e-01 -1.013015017473662717e-02 2.488795280456542969e+00 5.462666034698486328e+00 3.756763696670532227e+00
5.687262415885925293e-01 1.895076408982276917e-02 8.923348505049943924e-04 4.072659648954868317e-03 -8.949789893829437903e-02 -2.178265699141193057e-01 -1.108561804671626301e-02 2.515846490859985352e+00 5.263861179351806641e+00 3.714623689651489258e+00
5.818441510200500488e-01 1.865126751363277435e-02 9.775252547115087509e-04 4.178982228040695190e-03 -1.143247913709492386e-01 -2.068569653583690604e-01 -1.179350001777129328e-02 2.546736240386962891e+00 5.076215267181396484e+00 3.676845788955688477e+00
5.944580435752868652e-01 1.830059476196765900e-02 1.066504046320915222e-03 4.279427696019411087e-03 -1.362816664757883767e-01 -1.940358473532833028e-01 -1.214839649924397309e-02 2.580692768096923828e+00 4.900163650512695312e+00 3.643341302871704102e+00
6.065712571144104004e-01 1.790773682296276093e-02 1.158844446763396263e-03 4.373559262603521347e-03 -1.553164440763503129e-01 -1.796288287486531854e-01 -1.206477368104287920e-02 2.616978645324707031e+00 4.735995292663574219e+00 3.613709688186645508e+00
6.181911230087280273e-01 1.748162508010864258e-02 1.254033879376947880e-03 4.460989963263273239e-03 -1.714000775074891736e-01 -1.639029051426332539e-01 -1.151727346865300157e-02 2.654833555221557617e+00 4.583741664886474609e+00 3.587325334548950195e+00
6.293299198150634766e-01 1.703100278973579407e-02 1.351476879790425301e-03 4.541436675935983658e-03 -1.845322505724616424e-01 -1.471331098364898893e-01 -1.058587518006970721e-02 2.693452119827270508e+00 4.443255424499511719e+00 3.563534259796142578e+00
6.400040388107299805e-01 1.656426861882209778e-02 1.450504176318645477e-03 4.614786244928836823e-03 -1.947455032202415059e-01 -1.296075235693715522e-01 -9.426708414357562807e-03 2.732014417648315430e+00 4.314293384552001953e+00 3.541864395141601562e+00
6.502326130867004395e-01 1.608925126492977142e-02 1.550375018268823624e-03 4.681135527789592743e-03 -2.021112003754824415e-01 -1.116232527110842115e-01 -8.206740831414208875e-03 2.769752979278564453e+00 4.196581840515136719e+00 3.522049665451049805e+00
6.600394248962402344e-01 1.561302784830331802e-02 1.650297199375927448e-03 4.740709438920021057e-03 -2.067485941061749932e-01 -9.347112264747556298e-02 -7.060916162590729489e-03 2.805977106094360352e+00 4.089731693267822266e+00 3.504159450531005859e+00
6.694491505622863770e-01 1.514175161719322205e-02 1.749452669173479080e-03 4.793700296431779861e-03 -2.088024714889470390e-01 -7.541366575415486828e-02 -6.115113405948249987e-03 2.839993715286254883e+00 3.993285894393920898e+00 3.488346099853515625e+00
6.784902215003967285e-01 1.468037161976099014e-02 1.847019186243414879e-03 4.840170964598655701e-03 -2.084026056264701721e-01 -5.766858224134193550e-02 -5.548402841595816495e-03 2.871143102645874023e+00 3.906641960144042969e+00 3.474256753921508789e+00
6.871929764747619629e-01 1.423256751149892807e-02 1.942187082022428513e-03 4.880119580775499344e-03 -2.056738063395023297e-01 -4.037218470878724264e-02 -5.589373337326833044e-03 2.898931026458740234e+00 3.829172134399414062e+00 3.461455345153808594e+00
6.955903172492980957e-01 1.380101591348648071e-02 2.034148899838328362e-03 4.913436714559793472e-03 -2.007935198093764584e-01 -2.365910268192510449e-02 -6.250416729952121275e-03 2.923200130462646484e+00 3.760177135467529297e+00 3.449320316314697266e+00
7.037172913551330566e-01 1.338739041239023209e-02 2.122129546478390694e-03 4.940106533467769623e-03 -1.939926024025771800e-01 -7.627458589620801123e-03 -7.243856382759986806e-03 2.943624496459960938e+00 3.699132204055786133e+00 3.436975955963134766e+00
7.116070985794067383e-01 1.299310941249132156e-02 2.205411670729517937e-03 4.960502497851848602e-03 -1.856074329372495446e-01 7.589864786335965945e-03 -8.201939159971303669e-03 2.960075616836547852e+00 3.645762681961059570e+00 3.424143791198730469e+00
7.192868590354919434e-01 1.261957548558712006e-02 2.283338690176606178e-03 4.974822979420423508e-03 -1.761854063795763037e-01 2.180915959329286086e-02 -8.807443800005089821e-03 2.973011970520019531e+00 3.599712371826171875e+00 3.410815715789794922e+00
7.267822027206420898e-01 1.226785685867071152e-02 2.355393487960100174e-03 4.982638172805309296e-03 -1.662845376497170957e-01 3.488087688599626063e-02 -9.117547230589479954e-03 2.982362985610961914e+00 3.560363054275512695e+00 3.397019863128662109e+00
7.341180443763732910e-01 1.193857658654451370e-02 2.421170705929398537e-03 4.983179271221160889e-03 -1.561813196752336874e-01 4.673949746979269571e-02 -9.601945435140805951e-03 2.988171339035034180e+00 3.526695013046264648e+00 3.383188009262084961e+00
7.413222789764404297e-01 1.163132488727569580e-02 2.480514813214540482e-03 4.976036958396434784e-03 -1.459756584990391237e-01 5.746041507596237607e-02 -1.049794937493606951e-02 2.991211175918579102e+00 3.497433900833129883e+00 3.370073318481445312e+00
7.484202980995178223e-01 1.134478393942117691e-02 2.533411141484975815e-03 4.960850812494754791e-03 -1.356710544179659250e-01 6.708810830100264688e-02 -1.142188273723877476e-02 2.991685628890991211e+00 3.470935344696044922e+00 3.357165575027465820e+00
7.554320693016052246e-01 1.107914466410875320e-02 2.579896710813045502e-03 4.937477875500917435e-03 -1.255014022474642832e-01 7.562855005532764796e-02 -1.160221033918969538e-02 2.990201950073242188e+00 3.446319818496704102e+00 3.344311714172363281e+00
7.623738050460815430e-01 1.083467807620763779e-02 2.620105165988206863e-03 4.907634574919939041e-03 -1.157218866375933491e-01 8.312504652986535403e-02 -1.105022116195323104e-02 2.987404346466064453e+00 3.423476219177246094e+00 3.330804824829101562e+00
7.692614793777465820e-01 1.061013806611299515e-02 2.654432784765958786e-03 4.872905556112527847e-03 -1.064090709646989125e-01 8.969247657613596547e-02 -1.057358178007416355e-02 2.983807325363159180e+00 3.403049230575561523e+00 3.318557739257812500e+00
7.761147618293762207e-01 1.040288154035806656e-02 2.683272818103432655e-03 4.833351820707321167e-03 -9.751820077338198278e-02 9.534700892725959942e-02 -1.079470766055237556e-02 2.979478359222412109e+00 3.385288953781127930e+00 3.309004068374633789e+00
7.829495072364807129e-01 1.021105423569679260e-02 2.707010600715875626e-03 4.788455553352832794e-03 -8.925506778177078049e-02 1.001081370812607896e-01 -1.082332227712504320e-02 2.975139617919921875e+00 3.369908332824707031e+00 3.299867391586303711e+00
7.897812724113464355e-01 1.003305800259113312e-02 2.726275706663727760e-03 4.739693831652402878e-03 -8.194378139812033557e-02 1.042514825225807767e-01 -1.009434499966573723e-02 2.971650838851928711e+00 3.356322526931762695e+00 3.290919542312622070e+00
7.966220974922180176e-01 9.868257679045200348e-03 2.741318196058273315e-03 4.688620567321777344e-03 -7.643100649159668969e-02 1.078279421743136429e-01 -8.835278055961679963e-03 2.970425367355346680e+00 3.344019651412963867e+00 3.281246423721313477e+00
8.034785389900207520e-01 9.714757092297077179e-03 2.752832369878888130e-03 4.634830635040998459e-03 -7.253057579265441424e-02 1.111610858272761154e-01 -7.505707815526193802e-03 2.969795703887939453e+00 3.333688497543334961e+00 3.267513751983642578e+00
8.103536963462829590e-01 9.570424444973468781e-03 2.761065494269132614e-03 4.578485619276762009e-03 -6.945419340560329835e-02 1.140169875947758538e-01 -6.924026581127690899e-03 2.967348814010620117e+00 3.324346065521240234e+00 3.253928422927856445e+00
8.172520995140075684e-01 9.434417821466922760e-03 2.766292542219161987e-03 4.517915192991495132e-03 -6.740890922061225365e-02 1.163101598893699767e-01 -7.301822197481214888e-03 2.965056419372558594e+00 3.315686941146850586e+00 3.242441415786743164e+00
8.241838812828063965e-01 9.306629188358783722e-03 2.769364742562174797e-03 4.454499576240777969e-03 -6.666474978646147465e-02 1.186197071205824655e-01 -7.495362665038555680e-03 2.962486982345581055e+00 3.309036493301391602e+00 3.231907844543457031e+00
8.311452865600585938e-01 9.186469949781894684e-03 2.769837388768792152e-03 4.392082337290048599e-03 -6.743689834463294230e-02 1.211472288305812939e-01 -7.825334069100790824e-03 2.960352182388305664e+00 3.303205966949462891e+00 3.221090555191040039e+00
8.381323814392089844e-01 9.073178283870220184e-03 2.767148194834589958e-03 4.330013878643512726e-03 -6.963593795290216881e-02 1.237524259930942172e-01 -8.586413427419756911e-03 2.958965301513671875e+00 3.296904802322387695e+00 3.209589004516601562e+00
8.451516032218933105e-01 8.964635431766510010e-03 2.760947216302156448e-03 4.268434364348649979e-03 -7.308410564047516933e-02 1.256828996911645013e-01 -8.764974398160121222e-03 2.956327199935913086e+00 3.289443492889404297e+00 3.201373577117919922e+00
8.522207140922546387e-01 8.858627639710903168e-03 2.752367872744798660e-03 4.208657890558242798e-03 -7.729283912557002867e-02 1.275779529525971068e-01 -7.796439346354418730e-03 2.952460527420043945e+00 3.282963275909423828e+00 3.198263645172119141e+00
8.593606948852539062e-01 8.751026354730129242e-03 2.740747528150677681e-03 4.151097498834133148e-03 -8.218777240311282706e-02 1.289169076560065241e-01 -6.237679602325442441e-03 2.950415849685668945e+00 3.274763107299804688e+00 3.199293851852416992e+00
8.665546774864196777e-01 8.640782907605171204e-03 2.726577455177903175e-03 4.090329166501760483e-03 -8.806118215265451576e-02 1.305184228527359602e-01 -6.052894803377057223e-03 2.949966669082641602e+00 3.264351606369018555e+00 3.197331666946411133e+00
8.738067150115966797e-01 8.526380173861980438e-03 2.710320288315415382e-03 4.025638569146394730e-03 -9.507948791707167280e-02 1.324857267102925173e-01 -4.486797941128315738e-03 2.952624559402465820e+00 3.255311489105224609e+00 3.186421871185302734e+00
8.811411857604980469e-01 8.404292166233062744e-03 2.692517824470996857e-03 3.960386849939823151e-03 -1.030761653472727635e-01 1.353467711549310448e-01 -9.418847575216204469e-04 2.959762573242187500e+00 3.249541521072387695e+00 3.177777767181396484e+00
8.885563611984252930e-01 8.277209475636482239e-03 2.673061797395348549e-03 3.894612891599535942e-03 -1.123907212314225051e-01 1.384565265090204889e-01 6.903228132068761277e-04 2.971865653991699219e+00 3.242180109024047852e+00 3.169643640518188477e+00
8.960393071174621582e-01 8.145071566104888916e-03 2.652364317327737808e-03 3.832582384347915649e-03 -1.221241006810814683e-01 1.429795473992417076e-01 3.214033960684901242e-04 2.983857870101928711e+00 3.237426757812500000e+00 3.159186840057373047e+00
9.035991430282592773e-01 8.001486770808696747e-03 2.628328744322061539e-03 3.771411022171378136e-03 -1.307552131460979483e-01 1.487675321372225745e-01 -7.108119845088367540e-04 2.995021581649780273e+00 3.230746746063232422e+00 3.156277179718017578e+00
9.112265110015869141e-01 7.846649736166000366e-03 2.603656612336635590e-03 3.710322314873337746e-03 -1.378761167104094187e-01 1.547906458983197842e-01 -3.540142523401300628e-03 3.006567955017089844e+00 3.228661060333251953e+00 3.156369447708129883e+00
9.189107418060302734e-01 7.692264392971992493e-03 2.575007500126957893e-03 3.649980295449495316e-03 -1.447772120467561707e-01 1.619025427894666691e-01 -5.874842770896975507e-03 3.015527009963989258e+00 3.229324817657470703e+00 3.157934427261352539e+00
9.266315698623657227e-01 7.538508623838424683e-03 2.545487135648727417e-03 3.581877332180738449e-03 -1.551457252028340117e-01 1.704121131096035247e-01 -8.012500561428168369e-03 3.033401966094970703e+00 3.235504865646362305e+00 3.156917572021484375e+00
9.344778656959533691e-01 7.380656432360410690e-03 2.513634040951728821e-03 3.514525247737765312e-03 -1.661372034318555901e-01 1.779629222154617274e-01 -1.036169613970559962e-02 3.048765897750854492e+00 3.236649513244628906e+00 3.148960590362548828e+00
9.424566626548767090e-01 7.221760228276252747e-03 2.480226103216409683e-03 3.450629999861121178e-03 -1.771953169028274711e-01 1.871655650772154345e-01 -1.041909986171231199e-02 3.064471721649169922e+00 3.245317459106445312e+00 3.145840883255004883e+00
9.505265951156616211e-01 7.073984947055578232e-03 2.442375291138887405e-03 3.387599717825651169e-03 -1.911373729733750193e-01 1.978042336516082356e-01 -7.684258203531499180e-03 3.084981918334960938e+00 3.256777286529541016e+00 3.145384311676025391e+00
9.586622118949890137e-01 6.916168611496686935e-03 2.404054161161184311e-03 3.314395435154438019e-03 -2.059229728974023566e-01 2.088194048739969721e-01 -7.370696587124257564e-03 3.104265451431274414e+00 3.272105216979980469e+00 3.141652107238769531e+00
9.675268530845642090e-01 6.712076719850301743e-03 2.363614970818161964e-03 3.238632110878825188e-03 -2.178813056910876289e-01 2.123907411247491772e-01 -8.772429417644162300e-03 3.122530698776245117e+00 3.279190301895141602e+00 3.145020008087158203e+00
9.768329858779907227e-01 6.469997111707925797e-03 2.315364778041839600e-03 3.150358563289046288e-03 -2.317128912527114115e-01 2.120327678993344234e-01 -1.063204093546300973e-02 3.160279750823974609e+00 3.278035879135131836e+00 3.147802591323852539e+00
9.856486916542053223e-01 6.245979107916355133e-03 2.263247501105070114e-03 3.067151643335819244e-03 -2.475706360973417841e-01 2.189024889543652597e-01 -1.439465429459596719e-02 3.194216728210449219e+00 3.283576250076293945e+00 3.152725696563720703e+00
9.940264821052551270e-01 6.032134871929883957e-03 2.212392864748835564e-03 2.972567453980445862e-03 -2.647242961823940144e-01 2.297304951101541426e-01 -6.433708768410724595e-03 3.228710174560546875e+00 3.294137239456176758e+00 3.160146951675415039e+00
1.002030253410339355e+00 5.836476571857929230e-03 2.163508906960487366e-03 2.881685737520456314e-03 -2.816848239675164289e-01 2.429178267344832554e-01 -5.150923940145730323e-03 3.271691322326660156e+00 3.318117618560791016e+00 3.169199466705322266e+00
1.009796857833862305e+00 5.651577375829219818e-03 2.113193040713667870e-03 2.795971464365720749e-03 -2.983011665493249809e-01 2.568591191917657945e-01 -6.880645553296744696e-03 3.317166328430175781e+00 3.332068681716918945e+00 3.185865879058837891e+00
1.017338275909423828e+00 5.461754743009805679e-03 2.062354236841201782e-03 2.709354273974895477e-03 -3.114008490517735650e-01 2.703529111742973279e-01 -8.921209850836020819e-03 3.356498479843139648e+00 3.343741178512573242e+00 3.207959651947021484e+00
1.024589180946350098e+00 5.262281745672225952e-03 2.012751763686537743e-03 2.624957589432597160e-03 -3.233501569703221556e-01 2.826483869701623686e-01 -1.210037102538058171e-02 3.400839090347290039e+00 3.356307744979858398e+00 3.225668668746948242e+00
1.031548738479614258e+00 5.059637129306793213e-03 1.965102273970842361e-03 2.539982786402106285e-03 -3.329457034468650822e-01 2.968588015735149632e-01 -1.262613974863052192e-02 3.439293622970581055e+00 3.382157325744628906e+00 3.247660875320434570e+00
1.038249969482421875e+00 4.866542760282754898e-03 1.916121458634734154e-03 2.452323446050286293e-03 -3.467272957339883055e-01 3.124272648990154000e-01 -8.758884876762748975e-03 3.482248544692993164e+00 3.412631750106811523e+00 3.259592294692993164e+00
1.044697165489196777e+00 4.684191197156906128e-03 1.866008271463215351e-03 2.366253174841403961e-03 -3.653400610387325109e-01 3.264713811427354950e-01 -3.409365777479251691e-03 3.535156011581420898e+00 3.444783449172973633e+00 3.271947145462036133e+00
1.050911784172058105e+00 4.501512739807367325e-03 1.817238982766866684e-03 2.284093294292688370e-03 -3.824786768406629456e-01 3.439084477424621533e-01 1.144049112852371826e-03 3.583831787109375000e+00 3.473299741744995117e+00 3.312121391296386719e+00
1.056895017623901367e+00 4.324653185904026031e-03 1.767534413374960423e-03 2.205465221777558327e-03 -4.013787707388400960e-01 3.560326806902885388e-01 5.311697516073764225e-03 3.630053043365478516e+00 3.490788459777832031e+00 3.351087570190429688e+00
1.062724709510803223e+00 4.148448817431926727e-03 1.718386774882674217e-03 2.133571542799472809e-03 -4.195683878660201871e-01 3.693484480530023761e-01 5.431696825766266744e-03 3.679320812225341797e+00 3.522043704986572266e+00 3.384737968444824219e+00
1.068323254585266113e+00 3.986190073192119598e-03 1.668331446126103401e-03 2.064079279080033302e-03 -4.378616698384285022e-01 3.806862968653440538e-01 -4.669769179017748480e-04 3.732555627822875977e+00 3.553235530853271484e+00 3.422562360763549805e+00
1.073684573173522949e+00 3.831752575933933258e-03 1.617549103684723377e-03 1.987291267141699791e-03 -4.539556427597999377e-01 3.910054046809673389e-01 -4.721751507837325737e-03 3.797177076339721680e+00 3.589761734008789062e+00 3.458260059356689453e+00
1.078897476196289062e+00 3.671719459816813469e-03 1.568207750096917152e-03 1.906234072521328926e-03 -4.704636778533458630e-01 4.006510609686374513e-01 -1.252294996267301098e-02 3.869799852371215820e+00 3.628438472747802734e+00 3.497520208358764648e+00
1.083956480026245117e+00 3.514480544254183769e-03 1.520448015071451664e-03 1.830991823226213455e-03 -4.880473560094833463e-01 4.104133524000644906e-01 -1.420930720309115762e-02 3.942335128784179688e+00 3.668653488159179688e+00 3.539378881454467773e+00
1.088851809501647949e+00 3.354427637532353401e-03 1.475089113228023052e-03 1.759185804985463619e-03 -4.991337050199508574e-01 4.171263735890388680e-01 -1.366502620058781745e-02 3.996760368347167969e+00 3.701336860656738281e+00 3.582082748413085938e+00
1.093532919883728027e+00 3.203438827767968178e-03 1.431073644198477268e-03 1.688221469521522522e-03 -5.106594384312629353e-01 4.178986205458641301e-01 -1.785492265939683451e-02 4.059467315673828125e+00 3.733384370803833008e+00 3.616091251373291016e+00
1.097975611686706543e+00 3.065852215513586998e-03 1.387784839607775211e-03 1.617827685549855232e-03 -5.237817260622977811e-01 4.192730028927326158e-01 -2.482491904364724292e-02 4.127626419067382812e+00 3.776348590850830078e+00 3.641434431076049805e+00
1.102222442626953125e+00 2.932177390903234482e-03 1.345162396319210529e-03 1.550184912048280239e-03 -5.384259401559829961e-01 4.219411846399307442e-01 -2.677298834624525573e-02 4.199890613555908203e+00 3.822655439376831055e+00 3.658992290496826172e+00
1.106227278709411621e+00 2.802214585244655609e-03 1.305325073190033436e-03 1.481501269154250622e-03 -5.523006478846073097e-01 4.189003424942493448e-01 -3.092381542746960518e-02 4.275990962982177734e+00 3.861042261123657227e+00 3.654837369918823242e+00
1.109988331794738770e+00 2.670966321602463722e-03 1.267799874767661095e-03 1.417048508301377296e-03 -5.595155463218689507e-01 4.143546027541160637e-01 -3.805435802210559160e-02 4.310718536376953125e+00 3.902388572692871094e+00 3.666319608688354492e+00
1.113534688949584961e+00 2.541678259149193764e-03 1.232994371093809605e-03 1.358961104415357113e-03 -5.620017030239105038e-01 4.051449641585350148e-01 -3.384366441058227898e-02 4.317584037780761719e+00 3.941836595535278320e+00 3.684723615646362305e+00
1.116882205009460449e+00 2.414920134469866753e-03 1.199804828502237797e-03 1.302682445384562016e-03 -5.635023741722107182e-01 3.903583453297614914e-01 -2.789789035642752449e-02 4.343870639801025391e+00 3.959434032440185547e+00 3.687854528427124023e+00
1.119994401931762695e+00 2.298977924510836601e-03 1.168444170616567135e-03 1.250374712981283665e-03 -5.662435691058635978e-01 3.677952178269624506e-01 -2.216580646939109861e-02 4.370210170745849609e+00 3.967436790466308594e+00 3.697298526763916016e+00
1.122812986373901367e+00 2.193605294451117516e-03 1.139453845098614693e-03 1.204426866024732590e-03 -5.698323838114738304e-01 3.405449226275086283e-01 -1.696892152993677988e-02 4.398023605346679688e+00 3.974991083145141602e+00 3.700431108474731445e+00
1.125350356101989746e+00 2.094717929139733315e-03 1.113912672735750675e-03 1.164754969067871571e-03 -5.735361929237842160e-01 3.105024951100349151e-01 -1.756247066393916770e-02 4.423520088195800781e+00 3.987360239028930664e+00 3.688311100006103516e+00
1.127603292465209961e+00 2.001204993575811386e-03 1.092079910449683666e-03 1.130969962105154991e-03 -5.689126192629336831e-01 2.773987302938475952e-01 -2.035059947619447321e-02 4.410913944244384766e+00 4.006916999816894531e+00 3.672984600067138672e+00
1.129581093788146973e+00 1.915523433126509190e-03 1.073764986358582973e-03 1.101186964660882950e-03 -5.587093316316604774e-01 2.418601651710341749e-01 -1.411103868412828810e-02 4.373337268829345703e+00 4.028683662414550781e+00 3.667023897171020508e+00
1.131260514259338379e+00 1.842769095674157143e-03 1.058398163877427578e-03 1.074666157364845276e-03 -5.500313183963299046e-01 2.056046072273456926e-01 -1.287593760361778472e-02 4.330168724060058594e+00 4.043685913085937500e+00 3.671288490295410156e+00
1.132607221603393555e+00 1.781542669050395489e-03 1.046253833919763565e-03 1.052361680194735527e-03 -5.395539662241936041e-01 1.663984647983452192e-01 -1.187155029725181499e-02 4.265939235687255859e+00 4.045759201049804688e+00 3.677121162414550781e+00
1.133624672889709473e+00 1.731774769723415375e-03 1.036941190250217915e-03 1.033915323205292225e-03 -5.267233244478702892e-01 1.276821364829083816e-01 -1.030006795508961633e-02 4.202415466308593750e+00 4.046881675720214844e+00 3.655013799667358398e+00
1.134328126907348633e+00 1.694196485914289951e-03 1.029765116982161999e-03 1.019880175590515137e-03 -5.162346186041831819e-01 8.866542255494277991e-02 -1.172365007834741922e-02 4.166314601898193359e+00 4.041043281555175781e+00 3.634920835494995117e+00
1.134696006774902344e+00 1.670683152042329311e-03 1.025198725983500481e-03 1.012963242828845978e-03 -5.069576448798179813e-01 4.983229680900694986e-02 -4.985744992760146078e-03 4.147031307220458984e+00 4.037158966064453125e+00 3.635375261306762695e+00
