 0.0002225 -0.0331534
 0.0006675  -0.031486
 0.0011125 -0.0302067
 0.0015575 -0.0291302
 0.0020025 -0.0281299
 0.0024475 -0.0271199
 0.0028925 -0.0260567
 0.0033375 -0.0249335
 0.0037825 -0.0237768
 0.0042275  -0.022631
 0.0046725 -0.0215474
 0.0051175 -0.0205694
 0.0055625  -0.019728
 0.0060075  -0.019036
 0.0064525 -0.0184923
 0.0068975 -0.0180683
 0.0073476 -0.0177362
0.00781612 -0.0174822
0.00831203 -0.0172653
0.00883694  -0.017062
0.00939255 -0.0168591
0.00998065 -0.0166387
 0.0106031 -0.0163885
  0.011262 -0.0160968
 0.0119594 -0.0157574
 0.0126977 -0.0153674
  0.013479 -0.0149284
 0.0143061  -0.014445
 0.0151815 -0.0139243
 0.0161082 -0.0133745
  0.017089 -0.0128047
 0.0181271 -0.0122233
  0.019226 -0.0116383
 0.0203891 -0.0110567
 0.0216203 -0.0104839
 0.0229234 -0.00992428
 0.0243028 -0.00938153
 0.0257628 -0.00885819
 0.0273082 -0.00835585
  0.028944 -0.00787554
 0.0306754 -0.00741804
 0.0325081 -0.00698369
 0.0344479 -0.00657219
 0.0365012 -0.00618274
 0.0386746 -0.00581458
  0.040975 -0.00546714
   0.04341 -0.00513995
 0.0459873 -0.00483223
 0.0487154  -0.004543
  0.051603 -0.00427108
 0.0546595 -0.00401507
 0.0578947 -0.00377412
 0.0613191 -0.00354774
 0.0649437 -0.00333488
 0.0687803 -0.00313498
 0.0728413 -0.00294731
 0.0771397 -0.00277083
 0.0816895 -0.00260539
 0.0865054 -0.00245011
 0.0916029 -0.00230384
 0.0969985 -0.00216682
   0.10271 -0.0020388
  0.108755 -0.00191845
  0.115153 -0.00180548
  0.121926 -0.00169962
  0.129095 -0.00160026
  0.136683 -0.00150696
  0.144715 -0.00141911
  0.153216 -0.00133633
  0.162214 -0.00125799
  0.171739 -0.0011837
  0.181821 -0.00111327
  0.192492 -0.00104668
  0.203788 -0.00098416
  0.215744 -0.000923732
  0.228399 -0.00086658
  0.241794 -0.000812239
  0.255972 -0.000762266
   0.27098 -0.000715849
  0.286865 -0.000663924
  0.304824 -0.000595426
  0.324407 -0.000549905
  0.343989 -0.000515843
  0.363571 -0.000483882
  0.383154 -0.000454455
  0.402736 -0.000427748
  0.422319 -0.000403274
  0.441901 -0.000381078
  0.461484 -0.000360414
  0.481066 -0.000341274
  0.500648 -0.000323275
  0.520231 -0.000306512
  0.539813 -0.000290755
  0.559396 -0.000275362
  0.578978 -0.000260548
   0.59856 -0.000246788
  0.618143 -0.00023358
  0.637725 -0.000220822
  0.657308 -0.000208854
   0.67689 -0.000197706
  0.696473 -0.000186905
  0.716055 -0.000176874
  0.735637 -0.000167247
   0.75522 -0.000157865
  0.774802 -0.000149018
  0.794385 -0.000140904
  0.813967 -0.000133439
  0.833549 -0.000126481
  0.853132 -0.000120184
  0.872714 -0.000114669
  0.892297 -0.000109779
  0.911879 -0.000105388
  0.931462 -0.000101718
  0.951044 -9.8878e-05
  0.970626 -9.68594e-05
  0.990209 -9.56578e-05
   1.00979 -9.51399e-05
   1.02937 -9.53592e-05
   1.04896 -9.63665e-05
   1.06854 -9.8119e-05
   1.08812 -0.00010073
    1.1077 -0.000104003
   1.12729 -0.000108021
   1.14687 -0.000112829
   1.16645 -0.000118494
   1.18603 -0.000125189
   1.20562 -0.000132621
    1.2252 -0.000140881
   1.24478 -0.000149962
   1.26436 -0.000159666
   1.28395 -0.000170014
   1.30353 -0.000181017
   1.32311 -0.000192679
   1.34269 -0.000205134
   1.36228 -0.000218545
   1.38186 -0.000232863
   1.40144 -0.000248063
   1.42102 -0.000264069
   1.44061 -0.000280807
   1.46019 -0.000298329
   1.47977 -0.000316477
   1.49935 -0.000335799
   1.51894 -0.000356464
   1.53852 -0.000378232
    1.5581 -0.000401255
   1.57768 -0.000425864
   1.59727 -0.000452204
   1.61685 -0.000479865
   1.63643 -0.000509895
   1.65601 -0.000540837
    1.6756 -0.000573345
   1.69518 -0.000616102
   1.71314 -0.00068225
   1.72902 -0.000732476
   1.74403 -0.000777521
   1.75821 -0.000824471
    1.7716 -0.000875218
   1.78426 -0.000928201
   1.79621 -0.000984192
   1.80751 -0.00104269
   1.81818 -0.00110505
   1.82826 -0.00117118
   1.83779 -0.00124108
   1.84679 -0.00131511
   1.85529 -0.00139419
   1.86332 -0.00147848
   1.87091 -0.00156807
   1.87808 -0.00166345
   1.88485 -0.00176503
   1.89125 -0.00187339
   1.89729 -0.00198927
     1.903 -0.00211338
    1.9084 -0.00224609
    1.9135 -0.00238837
   1.91831 -0.0025406
   1.92286 -0.0027028
   1.92716 -0.00287532
   1.93122 -0.00305926
   1.93506 -0.00325526
   1.93868 -0.00346384
   1.94211 -0.00368539
   1.94534 -0.00392087
    1.9484 -0.00417151
   1.95129 -0.0044385
   1.95401 -0.00472255
   1.95659 -0.00502381
   1.95903 -0.0053434
   1.96133 -0.00568277
    1.9635 -0.00604255
   1.96555 -0.00642308
   1.96749 -0.0068251
   1.96933 -0.00724923
   1.97106 -0.0076953
   1.97269 -0.00816285
   1.97424 -0.00865134
    1.9757 -0.00915964
   1.97708 -0.0096861
   1.97838 -0.0102283
   1.97961 -0.0107828
   1.98077  -0.011345
   1.98187 -0.0119092
   1.98291 -0.0124688
   1.98389  -0.013016
   1.98482 -0.0135425
   1.98569 -0.0140398
   1.98652    -0.0145
    1.9873 -0.0149164
   1.98804 -0.0152854
   1.98874 -0.0156056
    1.9894 -0.0158808
   1.99002 -0.0161176
   1.99061 -0.0163282
   1.99116 -0.0165249
   1.99169 -0.0167254
   1.99218 -0.0169425
   1.99265 -0.0171985
    1.9931 -0.0175326
   1.99355 -0.0179576
   1.99399 -0.0184996
   1.99444 -0.0191849
   1.99488 -0.0200135
   1.99533 -0.0209716
   1.99577 -0.0220288
   1.99622 -0.0231427
   1.99666 -0.0242642
   1.99711 -0.0253514
   1.99755 -0.0263797
     1.998 -0.0273563
   1.99844 -0.0283234
   1.99889 -0.0293638
   1.99933  -0.030599
   1.99978 -0.0322064
