 0.0002225 1.6932e-05
 0.0006675 0.000146269
 0.0011125 0.000394747
 0.0015575 0.000753512
 0.0020025 0.00121343
 0.0024475 0.00176362
 0.0028925 0.00239096
 0.0033375 0.00307978
 0.0037825 0.00381266
 0.0042275 0.00457105
 0.0046725 0.00533672
 0.0051175 0.00609258
 0.0055625 0.00682383
 0.0060075 0.00751831
 0.0064525 0.00816694
 0.0068975 0.00876353
 0.0073476 0.00931048
0.00781612 0.00981862
0.00831203  0.0102894
0.00883694  0.0107152
0.00939255  0.0110907
0.00998065  0.0114114
 0.0106031  0.0116754
  0.011262  0.0118816
 0.0119594  0.0120315
 0.0126977  0.0121274
  0.013479  0.0121733
 0.0143061  0.0121735
 0.0151815  0.0121335
 0.0161082  0.0120583
  0.017089  0.0119535
 0.0181271  0.0118241
  0.019226  0.0116749
 0.0203891  0.0115101
 0.0216203  0.0113338
 0.0229234   0.011149
 0.0243028  0.0109587
 0.0257628  0.0107654
 0.0273082   0.010571
  0.028944  0.0103774
 0.0306754  0.0101859
 0.0325081 0.00999769
 0.0344479 0.00981379
 0.0365012 0.00963507
 0.0386746 0.00946229
  0.040975 0.00929597
   0.04341 0.00913645
 0.0459873 0.00898387
 0.0487154 0.00883834
  0.051603 0.00869979
 0.0546595  0.0085682
 0.0578947 0.00844322
 0.0613191 0.00832458
 0.0649437  0.0082119
 0.0687803 0.00810484
 0.0728413 0.00800289
 0.0771397 0.00790584
 0.0816895 0.00781269
 0.0865054  0.0077233
 0.0916029 0.00763737
 0.0969985 0.00755488
   0.10271 0.00747483
  0.108755 0.00739713
  0.115153 0.00732075
  0.121926  0.0072466
  0.129095 0.00717324
  0.136683 0.00710079
  0.144715 0.00702736
  0.153216 0.00695167
  0.162214 0.00687332
  0.171739 0.00679085
  0.181821 0.00670732
  0.192492 0.00661647
  0.203788 0.00652882
  0.215744 0.00642601
  0.228399 0.00633879
  0.241794 0.00621609
  0.255972 0.00613852
   0.27098 0.00598198
  0.286865 0.00596474
  0.304824 0.00569469
  0.324407 0.00563295
  0.343989 0.00542838
  0.363571 0.00530062
  0.383154 0.00512464
  0.402736  0.0049848
  0.422319 0.00482409
  0.441901  0.0046818
  0.461484 0.00453414
  0.481066 0.00439331
  0.500648 0.00424886
  0.520231  0.0041126
  0.539813 0.00397284
  0.559396 0.00383366
  0.578978 0.00369526
   0.59856 0.00356013
  0.618143 0.00342776
  0.637725 0.00329809
  0.657308 0.00317155
   0.67689 0.00304627
  0.696473 0.00292365
  0.716055 0.00280113
  0.735637 0.00268045
   0.75522  0.0025621
  0.774802 0.00244695
  0.794385 0.00233415
  0.813967 0.00222565
  0.833549 0.00212482
  0.853132 0.00203203
  0.872714 0.00194649
  0.892297 0.00186973
  0.911879 0.00180207
  0.931462 0.00174435
  0.951044 0.00169809
  0.970626 0.00166339
  0.990209 0.00163926
   1.00979 0.00162685
   1.02937 0.00162651
   1.04896  0.0016384
   1.06854 0.00166253
   1.08812 0.00169892
    1.1077 0.00174641
   1.12729 0.00180551
   1.14687 0.00187473
   1.16645 0.00195112
   1.18603 0.00203573
   1.20562 0.00213031
    1.2252 0.00223225
   1.24478 0.00234283
   1.26436 0.00246223
   1.28395 0.00258697
   1.30353 0.00271617
   1.32311 0.00284896
   1.34269 0.00298534
   1.36228 0.00312465
   1.38186  0.0032648
   1.40144 0.00340847
   1.42102 0.00355375
   1.44061 0.00370305
   1.46019 0.00385499
   1.47977 0.00401067
   1.49935 0.00416728
   1.51894  0.0043317
   1.53852 0.00449137
    1.5581 0.00465792
   1.57768 0.00481549
   1.59727 0.00499245
   1.61685 0.00514299
   1.63643 0.00532841
   1.65601  0.0054673
    1.6756 0.00568048
   1.69518 0.00572988
   1.71314 0.00599535
   1.72902 0.00600255
   1.74403 0.00614961
   1.75821 0.00622025
    1.7716 0.00633334
   1.78426 0.00641084
   1.79621 0.00650383
   1.80751 0.00658193
   1.81818 0.00666375
   1.82826 0.00673809
   1.83779 0.00681233
   1.84679 0.00688263
   1.85529 0.00695147
   1.86332 0.00702065
   1.87091 0.00709085
   1.87808  0.0071633
   1.88485 0.00723768
   1.89125 0.00731373
   1.89729 0.00739127
     1.903 0.00747127
    1.9084   0.007554
    1.9135 0.00764003
   1.91831 0.00772913
   1.92286 0.00782227
   1.92716  0.0079198
   1.93122 0.00802218
   1.93506 0.00812962
   1.93868 0.00824253
   1.94211 0.00836126
   1.94534 0.00848629
    1.9484 0.00861782
   1.95129 0.00875618
   1.95401 0.00890145
   1.95659 0.00905369
   1.95903 0.00921264
   1.96133 0.00937801
    1.9635 0.00954943
   1.96555 0.00972649
   1.96749 0.00990845
   1.96933  0.0100945
   1.97106  0.0102835
   1.97269  0.0104743
   1.97424  0.0106653
    1.9757  0.0108549
   1.97708  0.0110408
   1.97838  0.0112208
   1.97961  0.0113918
   1.98077  0.0115508
   1.98187  0.0116936
   1.98291  0.0118164
   1.98389  0.0119141
   1.98482   0.011982
   1.98569  0.0120146
   1.98652  0.0120069
    1.9873  0.0119538
   1.98804   0.011851
   1.98874  0.0116948
    1.9894  0.0114831
   1.99002  0.0112148
   1.99061  0.0108909
   1.99116  0.0105137
   1.99169  0.0100879
   1.99218 0.00961877
   1.99265 0.00911399
    1.9931 0.00857216
   1.99355 0.00798262
   1.99399 0.00734319
   1.99444 0.00666006
   1.99488 0.00594223
   1.99533 0.00520163
   1.99577 0.00445269
   1.99622 0.00371195
   1.99666 0.00299705
   1.99711 0.00232582
   1.99755 0.00171501
     1.998 0.00117967
   1.99844 0.000732379
   1.99889 0.000383594
   1.99933 0.000142103
   1.99978 1.6444e-05
