 0.0002225 1.02724e-07
 0.0006675 3.92078e-05
 0.0011125 0.000198527
 0.0015575 0.00055987
 0.0020025 0.00119924
 0.0024475 0.00217427
 0.0028925 0.00351922
 0.0033375 0.00523313
 0.0037825 0.00728477
 0.0042275 0.00961008
 0.0046725  0.0121241
 0.0051175  0.0147317
 0.0055625  0.0173311
 0.0060075   0.019839
 0.0064525  0.0221707
 0.0068975  0.0242819
 0.0073476  0.0260791
0.00781612  0.0276736
0.00831203   0.029065
0.00883694  0.0301197
0.00939255  0.0308833
0.00998065  0.0312775
 0.0106031  0.0313565
  0.011262  0.0310915
 0.0119594  0.0305477
 0.0126977  0.0297316
  0.013479  0.0287118
 0.0143061  0.0275131
 0.0151815  0.0261975
 0.0161082  0.0247931
  0.017089  0.0233488
 0.0181271  0.0218875
  0.019226  0.0204429
 0.0203891  0.0190298
 0.0216203  0.0176686
 0.0229234  0.0163669
 0.0243028  0.0151352
 0.0257628  0.0139759
 0.0273082  0.0128933
  0.028944  0.0118863
 0.0306754  0.0109548
 0.0325081  0.0100959
 0.0344479 0.00930725
 0.0365012 0.00858486
 0.0386746 0.00792542
  0.040975 0.00732478
   0.04341  0.0067792
 0.0459873  0.0062845
 0.0487154 0.00583668
  0.051603 0.00543124
 0.0546595 0.00506384
 0.0578947 0.00473091
 0.0613191 0.00442973
 0.0649437 0.00415701
 0.0687803 0.00390883
 0.0728413  0.0036815
 0.0771397 0.00347264
 0.0816895 0.00328075
 0.0865054 0.00310376
 0.0916029 0.00293909
 0.0969985 0.00278553
   0.10271 0.00264186
  0.108755 0.00250633
  0.115153 0.00237747
  0.121926 0.00225506
  0.129095 0.00213887
  0.136683 0.00202913
  0.144715 0.00192575
  0.153216 0.00182592
  0.162214  0.0017288
  0.171739 0.00163267
  0.181821 0.00154189
  0.192492 0.00145409
  0.203788    0.00138
  0.215744 0.00130006
  0.228399 0.00123799
  0.241794 0.00115347
  0.255972 0.00110911
   0.27098 0.00102806
  0.286865 0.000972813
  0.304824 0.000942287
  0.324407 0.000860804
  0.343989 0.000777718
  0.363571 0.000723808
  0.383154 0.000660819
  0.402736 0.00062003
  0.422319 0.000571135
  0.441901 0.000535175
  0.461484 0.000498481
  0.481066 0.000468445
  0.500648 0.000435703
  0.520231 0.000407874
  0.539813 0.000379903
  0.559396 0.000354076
  0.578978 0.000328263
   0.59856 0.000304818
  0.618143 0.000281376
  0.637725 0.000259609
  0.657308 0.000237412
   0.67689 0.000216382
  0.696473 0.000196908
  0.716055 0.000178737
  0.735637 0.000160312
   0.75522 0.000142732
  0.774802 0.000126333
  0.794385 0.000110749
  0.813967 9.50381e-05
  0.833549 8.04066e-05
  0.853132 6.77333e-05
  0.872714 5.67501e-05
  0.892297 4.68399e-05
  0.911879 3.77364e-05
  0.931462 2.97273e-05
  0.951044 2.33885e-05
  0.970626 1.86196e-05
  0.990209 1.51801e-05
   1.00979 1.34486e-05
   1.02937 1.36424e-05
   1.04896 1.56112e-05
   1.06854 1.93808e-05
   1.08812 2.49763e-05
    1.1077 3.2263e-05
   1.12729 4.1309e-05
   1.14687 5.19153e-05
   1.16645 6.40053e-05
   1.18603 7.73881e-05
   1.20562 9.21685e-05
    1.2252 0.000108046
   1.24478 0.000124642
   1.26436 0.000142444
   1.28395 0.000162202
   1.30353 0.000182488
   1.32311 0.000203444
   1.34269 0.000224241
   1.36228 0.000247707
   1.38186 0.000272985
   1.40144  0.0002996
   1.42102 0.000326497
   1.44061 0.000358176
   1.46019 0.000389683
   1.47977 0.000422876
   1.49935 0.000457109
   1.51894 0.000496723
   1.53852 0.000533358
    1.5581 0.000579143
   1.57768 0.000619445
   1.59727 0.000669463
   1.61685 0.000713252
   1.63643 0.000781154
   1.65601 0.000827998
    1.6756 0.000904612
   1.69518 0.000982765
   1.71314   0.001004
   1.72902 0.00105762
   1.74403 0.00113598
   1.75821    0.00117
    1.7716 0.00124701
   1.78426 0.00130404
   1.79621 0.00137752
   1.80751 0.00144302
   1.81818 0.00152122
   1.82826 0.00160034
   1.83779 0.00168801
   1.84679 0.00177917
   1.85529 0.00187326
   1.86332 0.00197006
   1.87091 0.00207266
   1.87808 0.00218235
   1.88485 0.00229855
   1.89125 0.00242151
   1.89729 0.00255183
     1.903 0.00269169
    1.9084 0.00284282
    1.9135 0.00300569
   1.91831 0.00318035
   1.92286 0.00336912
   1.92716 0.00357522
   1.93122 0.00380089
   1.93506 0.00404736
   1.93868 0.00431689
   1.94211 0.00461325
   1.94534 0.00494028
    1.9484 0.00530132
   1.95129 0.00570046
   1.95401 0.00614191
   1.95659 0.00662963
   1.95903 0.00716715
   1.96133 0.00775859
    1.9635 0.00840778
   1.96555 0.00911886
   1.96749 0.00989502
   1.96933  0.0107399
   1.97106  0.0116553
   1.97269  0.0126437
   1.97424  0.0137048
    1.9757  0.0148392
   1.97708  0.0160427
   1.97838  0.0173128
   1.97961  0.0186387
   1.98077  0.0200126
   1.98187  0.0214139
   1.98291  0.0228277
   1.98389  0.0242203
   1.98482  0.0255689
   1.98569  0.0268255
   1.98652  0.0279626
    1.9873  0.0289196
   1.98804  0.0296733
   1.98874  0.0301578
    1.9894  0.0303682
   1.99002   0.030243
   1.99061  0.0298126
   1.99116  0.0290265
   1.99169  0.0279628
   1.99218  0.0265794
   1.99265   0.025007
    1.9931  0.0232462
   1.99355  0.0211907
   1.99399  0.0189317
   1.99444  0.0165124
   1.99488  0.0140147
   1.99533  0.0115177
   1.99577 0.00911777
   1.99622 0.00690369
   1.99666 0.00495473
   1.99711 0.00332941
   1.99755 0.00205592
     1.998 0.00113353
   1.99844 0.000529142
   1.99889 0.000187614
   1.99933 3.70685e-05
   1.99978 9.41823e-08
