 0.0002225 7.41134e-06
 0.0006675 9.25967e-05
 0.0011125 0.000384616
 0.0015575 0.000999903
 0.0020025 0.00200476
 0.0024475 0.00339188
 0.0028925 0.00506772
 0.0033375 0.00687061
 0.0037825 0.00859885
 0.0042275  0.0100562
 0.0046725   0.011086
 0.0051175  0.0115914
 0.0055625  0.0115502
 0.0060075  0.0109891
 0.0064525 0.00999645
 0.0068975 0.00877751
 0.0073476   0.007317
0.00781612  0.0053997
0.00831203 0.00351098
0.00883694 0.00163865
0.00939255 -0.000197839
0.00998065 -0.00185252
 0.0106031 -0.00330797
  0.011262 -0.00447303
 0.0119594 -0.00535789
 0.0126977 -0.00592938
  0.013479 -0.00622812
 0.0143061 -0.00626441
 0.0151815 -0.00609565
 0.0161082 -0.00575331
  0.017089 -0.00529456
 0.0181271 -0.00475335
  0.019226 -0.00417536
 0.0203891 -0.00358631
 0.0216203 -0.00301591
 0.0229234 -0.00247861
 0.0243028 -0.00199018
 0.0257628 -0.00155551
 0.0273082 -0.00117918
  0.028944 -0.000859042
 0.0306754 -0.000593891
 0.0325081 -0.000378828
 0.0344479 -0.000208943
 0.0365012 -7.64199e-05
 0.0386746 2.51605e-05
  0.040975 0.000102222
   0.04341 0.000158945
 0.0459873 0.000199033
 0.0487154 0.000225848
  0.051603 0.000242294
 0.0546595 0.000250513
 0.0578947 0.00025147
 0.0613191 0.000245201
 0.0649437 0.000233681
 0.0687803 0.000217195
 0.0728413 0.000197168
 0.0771397 0.000175975
 0.0816895 0.000151284
 0.0865054 0.000124277
 0.0916029 9.7325e-05
 0.0969985 7.04318e-05
   0.10271 4.30412e-05
  0.108755 1.78561e-05
  0.115153 -4.66498e-06
  0.121926 -2.28628e-05
  0.129095 -4.0096e-05
  0.136683 -5.53711e-05
  0.144715 -7.08604e-05
  0.153216 -8.25628e-05
  0.162214 -8.8588e-05
  0.171739 -8.688e-05
  0.181821 -8.17827e-05
  0.192492 -8.11867e-05
  0.203788 -8.23225e-05
  0.215744 -8.44915e-05
  0.228399 -7.4515e-05
  0.241794 -7.7293e-05
  0.255972 -5.4609e-05
   0.27098 -8.24198e-05
  0.286865 -1.07912e-06
  0.304824 -0.00012184
  0.324407 -7.01571e-05
  0.343989 -7.7748e-05
  0.363571 -5.91897e-05
  0.383154 -4.93533e-05
  0.402736 -4.29742e-05
  0.422319 -3.40939e-05
  0.441901 -3.24024e-05
  0.461484 -2.48778e-05
  0.481066 -2.41793e-05
  0.500648 -2.22756e-05
  0.520231 -1.92812e-05
  0.539813 -1.17254e-05
  0.559396 -3.96306e-06
  0.578978 6.5067e-06
   0.59856 1.08447e-05
  0.618143 1.77238e-05
  0.637725 2.17812e-05
  0.657308 2.79499e-05
   0.67689 3.35363e-05
  0.696473 3.9769e-05
  0.716055 4.51058e-05
  0.735637 5.15611e-05
   0.75522 5.6963e-05
  0.774802 6.16677e-05
  0.794385 6.61808e-05
  0.813967 7.25682e-05
  0.833549 7.90832e-05
  0.853132 8.53905e-05
  0.872714 8.98263e-05
  0.892297 9.42831e-05
  0.911879 9.82541e-05
  0.931462 0.000101113
  0.951044 0.000103028
  0.970626 0.000104909
  0.990209 0.000106344
   1.00979 0.00010753
   1.02937 0.000107551
   1.04896 0.000106115
   1.06854 0.000104444
   1.08812 0.000102349
    1.1077 0.000100013
   1.12729 9.65924e-05
   1.14687 9.26179e-05
   1.16645 8.69035e-05
   1.18603 8.14166e-05
   1.20562 7.60198e-05
    1.2252 7.05718e-05
   1.24478 6.60083e-05
   1.26436 6.1473e-05
   1.28395 5.53653e-05
   1.30353 5.1071e-05
   1.32311 4.54282e-05
   1.34269 4.11552e-05
   1.36228 3.5439e-05
   1.38186 2.94288e-05
   1.40144 2.17914e-05
   1.42102 1.68043e-05
   1.44061 8.40619e-06
   1.46019 2.54062e-06
   1.47977 -5.67305e-06
   1.49935 -1.47683e-05
   1.51894 -2.65529e-05
   1.53852 -3.26578e-05
    1.5581 -4.29271e-05
   1.57768 -4.77655e-05
   1.59727 -5.77643e-05
   1.61685 -6.60204e-05
   1.63643 -7.84061e-05
   1.65601 -8.52767e-05
    1.6756 -7.0143e-05
   1.69518 -0.000127275
   1.71314 -2.56776e-06
   1.72902 -9.31614e-05
   1.74403 -6.58887e-05
   1.75821 -7.78507e-05
    1.7716 -7.25378e-05
   1.78426 -8.26067e-05
   1.79621 -7.90698e-05
   1.80751 -7.5751e-05
   1.81818 -7.28485e-05
   1.82826 -7.11689e-05
   1.83779 -6.70763e-05
   1.84679 -6.00841e-05
   1.85529 -4.98266e-05
   1.86332 -3.24526e-05
   1.87091 -1.40855e-05
   1.87808 5.03205e-06
   1.88485 2.47668e-05
   1.89125 4.63303e-05
   1.89729 7.07755e-05
     1.903 9.61725e-05
    1.9084 0.000121488
    1.9135 0.00014697
   1.91831 0.00017179
   1.92286 0.000195458
   1.92716 0.000215508
   1.93122 0.000231078
   1.93506 0.000242949
   1.93868 0.000249136
   1.94211 0.00024943
   1.94534 0.00024358
    1.9484 0.000231342
   1.95129 0.000211634
   1.95401 0.000182564
   1.95659 0.000141287
   1.95903 8.30902e-05
   1.96133 2.69189e-06
    1.9635 -0.000103662
   1.96555 -0.000241389
   1.96749 -0.000416407
   1.96933 -0.000635222
   1.97106 -0.000901728
   1.97269 -0.00122109
   1.97424 -0.00159492
    1.9757 -0.00202492
   1.97708 -0.00250595
   1.97838 -0.00303295
   1.97961 -0.00358993
   1.98077 -0.00416201
   1.98187 -0.00471935
   1.98291 -0.00523632
   1.98389 -0.00566785
   1.98482 -0.00598064
   1.98569 -0.00611879
   1.98652 -0.0060523
    1.9873 -0.00572619
   1.98804 -0.00513235
   1.98874 -0.00423335
    1.9894 -0.00306438
   1.99002 -0.00161815
   1.99061 1.3848e-05
   1.99116 0.00181273
   1.99169 0.00363526
   1.99218 0.00546218
   1.99265 0.00730548
    1.9931 0.00869684
   1.99355  0.0098459
   1.99399  0.0107686
   1.99444    0.01127
   1.99488  0.0112687
   1.99533  0.0107433
   1.99577 0.00971864
   1.99622 0.00829108
   1.99666  0.0066119
   1.99711 0.00486943
   1.99755 0.00325521
     1.998 0.00192232
   1.99844 0.000958126
   1.99889 0.000368362
   1.99933 8.85913e-05
   1.99978 7.06612e-06
