 0.0002225   0.011268
 0.0006675  0.0337917
 0.0011125  0.0562893
 0.0015575  0.0787326
 0.0020025   0.101079
 0.0024475   0.123271
 0.0028925   0.145244
 0.0033375   0.166921
 0.0037825   0.188226
 0.0042275   0.209081
 0.0046725   0.229414
 0.0051175   0.249161
 0.0055625   0.268269
 0.0060075   0.286693
 0.0064525   0.304406
 0.0068975   0.321387
 0.0073476   0.337816
0.00781612   0.354124
0.00831203   0.370513
0.00883694   0.386908
0.00939255   0.403235
0.00998065   0.419425
 0.0106031   0.435412
  0.011262   0.451135
 0.0119594   0.466544
 0.0126977   0.481595
  0.013479   0.496254
 0.0143061   0.510494
 0.0151815   0.524298
 0.0161082   0.537655
  0.017089   0.550562
 0.0181271    0.56302
  0.019226   0.575035
 0.0203891   0.586618
 0.0216203   0.597781
 0.0229234   0.608539
 0.0243028   0.618909
 0.0257628   0.628909
 0.0273082   0.638556
  0.028944   0.647871
 0.0306754   0.656874
 0.0325081   0.665585
 0.0344479   0.674024
 0.0365012   0.682213
 0.0386746   0.690172
  0.040975   0.697922
   0.04341   0.705485
 0.0459873   0.712883
 0.0487154   0.720136
  0.051603   0.727267
 0.0546595   0.734295
 0.0578947    0.74124
 0.0613191   0.748121
 0.0649437   0.754959
 0.0687803   0.761772
 0.0728413   0.768576
 0.0771397   0.775385
 0.0816895   0.782212
 0.0865054   0.789072
 0.0916029   0.795977
 0.0969985   0.802935
   0.10271   0.809958
  0.108755   0.817055
  0.115153   0.824229
  0.121926   0.831485
  0.129095   0.838826
  0.136683   0.846263
  0.144715   0.853801
  0.153216   0.861458
  0.162214   0.869214
  0.171739   0.877082
  0.181821    0.88502
  0.192492   0.893089
  0.203788   0.901215
  0.215744    0.90959
  0.228399   0.917916
  0.241794   0.926691
  0.255972   0.935097
   0.27098   0.944448
  0.286865   0.952978
  0.304824   0.963129
  0.324407   0.973837
  0.343989   0.983314
  0.363571    0.99278
  0.383154    1.00129
  0.402736    1.00975
  0.422319     1.0176
  0.441901     1.0253
  0.461484     1.0326
  0.481066    1.03979
  0.500648    1.04665
  0.520231    1.05335
  0.539813    1.05981
  0.559396     1.0661
  0.578978    1.07215
   0.59856    1.07803
  0.618143    1.08369
  0.637725    1.08917
  0.657308    1.09442
   0.67689    1.09944
  0.696473    1.10424
  0.716055    1.10887
  0.735637    1.11326
   0.75522    1.11743
  0.774802    1.12135
  0.794385    1.12504
  0.813967    1.12848
  0.833549    1.13163
  0.853132    1.13448
  0.872714    1.13708
  0.892297     1.1394
  0.911879    1.14142
  0.931462     1.1431
  0.951044    1.14441
  0.970626    1.14536
  0.990209    1.14597
   1.00979     1.1462
   1.02937    1.14605
   1.04896    1.14556
   1.06854    1.14468
   1.08812    1.14342
    1.1077    1.14181
   1.12729    1.13985
   1.14687    1.13752
   1.16645    1.13483
   1.18603    1.13178
   1.20562    1.12841
    1.2252    1.12473
   1.24478    1.12075
   1.26436    1.11652
   1.28395    1.11202
   1.30353    1.10724
   1.32311    1.10222
   1.34269    1.09697
   1.36228    1.09154
   1.38186    1.08584
   1.40144    1.07991
   1.42102    1.07373
   1.44061    1.06732
   1.46019    1.06056
   1.47977    1.05359
   1.49935    1.04631
   1.51894    1.03878
   1.53852    1.03087
    1.5581    1.02278
   1.57768    1.01416
   1.59727    1.00548
   1.61685   0.996185
   1.63643   0.986863
   1.65601   0.976574
    1.6756   0.966537
   1.69518   0.955263
   1.71314   0.944711
   1.72902   0.935888
   1.74403   0.926228
   1.75821   0.917624
    1.7716   0.908738
   1.78426   0.900342
   1.79621   0.891922
   1.80751   0.883813
   1.81818   0.875793
   1.82826   0.867956
   1.83779   0.860224
   1.84679   0.852612
   1.85529   0.845104
   1.86332   0.837715
   1.87091   0.830437
   1.87808   0.823258
   1.88485   0.816169
   1.89125   0.809162
   1.89729   0.802232
     1.903    0.79537
    1.9084   0.788563
    1.9135   0.781799
   1.91831   0.775067
   1.92286    0.76836
   1.92716   0.761663
   1.93122   0.754961
   1.93506   0.748238
   1.93868   0.741481
   1.94211   0.734675
   1.94534   0.727801
    1.9484    0.72084
   1.95129   0.713772
   1.95401   0.706576
   1.95659   0.699231
   1.95903   0.691716
   1.96133    0.68401
    1.9635   0.676091
   1.96555   0.667939
   1.96749   0.659533
   1.96933   0.650851
   1.97106   0.641875
   1.97269   0.632583
   1.97424   0.622957
    1.9757   0.612978
   1.97708   0.602628
   1.97838   0.591891
   1.97961   0.580749
   1.98077   0.569189
   1.98187   0.557199
   1.98291   0.544769
   1.98389   0.531894
   1.98482   0.518573
   1.98569    0.50481
   1.98652   0.490618
    1.9873   0.476015
   1.98804   0.461028
   1.98874   0.445692
    1.9894   0.430053
   1.99002   0.414161
   1.99061   0.398077
   1.99116   0.381867
   1.99169   0.365601
   1.99218   0.349352
   1.99265   0.333194
    1.9931   0.316927
   1.99355   0.300122
   1.99399   0.282606
   1.99444   0.264397
   1.99488   0.245524
   1.99533   0.226031
   1.99577    0.20597
   1.99622   0.185404
   1.99666   0.164403
   1.99711   0.143042
   1.99755   0.121396
     1.998  0.0995369
   1.99844  0.0775299
   1.99889  0.0554288
   1.99933   0.033275
   1.99978  0.0110957
