 0.0002225 -1.95512e-09
 0.0006675 -7.65956e-07
 0.0011125 -3.88605e-06
 0.0015575 -1.09983e-05
 0.0020025 -2.36955e-05
 0.0024475 -4.33359e-05
 0.0028925 -7.09927e-05
 0.0033375 -0.000107247
 0.0037825 -0.000152271
 0.0042275 -0.000205712
 0.0046725 -0.000266834
 0.0051175 -0.000334628
 0.0055625 -0.000407754
 0.0060075 -0.000485025
 0.0064525 -0.000564864
 0.0068975 -0.00064634
 0.0073476 -0.00072715
0.00781612 -0.000811234
0.00831203 -0.000899801
0.00883694 -0.000989174
0.00939255 -0.00108069
0.00998065 -0.00117114
 0.0106031 -0.00126139
  0.011262 -0.00134875
 0.0119594 -0.00143391
 0.0126977 -0.00151478
  0.013479 -0.00159202
 0.0143061 -0.00166413
 0.0151815 -0.00173183
 0.0161082 -0.00179413
  0.017089 -0.00185179
 0.0181271 -0.00190421
  0.019226 -0.00195217
 0.0203891 -0.00199533
 0.0216203 -0.00203441
 0.0229234 -0.00206925
 0.0243028 -0.00210046
 0.0257628  -0.002128
 0.0273082 -0.00215237
  0.028944 -0.00217357
 0.0306754 -0.00219201
 0.0325081 -0.00220774
 0.0344479 -0.00222107
 0.0365012 -0.00223206
 0.0386746 -0.00224096
  0.040975 -0.00224781
   0.04341 -0.00225282
 0.0459873 -0.00225604
 0.0487154 -0.0022576
  0.051603 -0.00225757
 0.0546595 -0.00225608
 0.0578947 -0.00225315
 0.0613191 -0.00224884
 0.0649437 -0.00224317
 0.0687803 -0.0022362
 0.0728413 -0.00222799
 0.0771397 -0.00221856
 0.0816895 -0.00220787
 0.0865054 -0.00219592
 0.0916029 -0.00218271
 0.0969985 -0.00216827
   0.10271 -0.00215246
  0.108755 -0.00213537
  0.115153 -0.0021169
  0.121926 -0.00209717
  0.129095 -0.00207584
  0.136683 -0.00205327
  0.144715 -0.00202893
  0.153216 -0.00200339
  0.162214 -0.00197621
  0.171739 -0.00194779
  0.181821 -0.00191798
  0.192492 -0.00188643
  0.203788 -0.00185432
  0.215744 -0.00181875
  0.228399 -0.00178616
  0.241794 -0.00174433
  0.255972 -0.00171532
   0.27098 -0.00165969
  0.286865 -0.00164475
  0.304824 -0.00157832
  0.324407 -0.00154337
  0.343989 -0.00147743
  0.363571 -0.00144195
  0.383154 -0.0013856
  0.402736 -0.00134659
  0.422319 -0.00129605
  0.441901 -0.00125591
  0.461484 -0.00120763
  0.481066 -0.0011677
  0.500648 -0.00112207
  0.520231 -0.00108189
  0.539813 -0.00103779
  0.559396 -0.000997447
  0.578978 -0.000954242
   0.59856 -0.000913796
  0.618143 -0.000871031
  0.637725 -0.000830714
  0.657308 -0.000789099
   0.67689 -0.000748779
  0.696473 -0.000706689
  0.716055 -0.000665903
  0.735637 -0.000623691
   0.75522 -0.000582169
  0.774802 -0.000539585
  0.794385 -0.000497366
  0.813967 -0.00045441
  0.833549 -0.000411479
  0.853132 -0.000367609
  0.872714 -0.000323618
  0.892297 -0.000279525
  0.911879 -0.000235232
  0.931462 -0.000190725
  0.951044 -0.000145945
  0.970626 -0.000100877
  0.990209 -5.54806e-05
   1.00979 -9.93129e-06
   1.02937 3.59495e-05
   1.04896 8.18814e-05
   1.06854 0.000127958
   1.08812 0.000174255
    1.1077 0.000220607
   1.12729 0.000267138
   1.14687 0.000313428
   1.16645 0.000360123
   1.18603 0.000406401
   1.20562 0.000453229
    1.2252 0.000499384
   1.24478 0.000546286
   1.26436 0.00059238
   1.28395 0.00063893
   1.30353 0.000685047
   1.32311 0.000732196
   1.34269 0.00077832
   1.36228 0.00082617
   1.38186 0.000872066
   1.40144 0.000920564
   1.42102 0.000966201
   1.44061  0.0010147
   1.46019 0.00105987
   1.47977 0.00110963
   1.49935  0.0011546
   1.51894 0.00120498
   1.53852 0.00124965
    1.5581 0.00130155
   1.57768 0.00134502
   1.59727  0.0013995
   1.61685  0.0014395
   1.63643 0.00149792
   1.65601 0.00153266
    1.6756 0.00159952
   1.69518 0.00163059
   1.71314 0.00169581
   1.72902 0.00170748
   1.74403 0.00176033
   1.75821 0.00178576
    1.7716 0.00182447
   1.78426 0.00185312
   1.79621 0.00188515
   1.80751 0.00191336
   1.81818 0.00194118
   1.82826 0.00196724
   1.83779 0.00199175
   1.84679 0.00201507
   1.85529 0.00203676
   1.86332 0.00205761
   1.87091 0.00207684
   1.87808 0.00209506
   1.88485 0.00211191
   1.89125 0.00212771
   1.89729  0.0021423
     1.903 0.00215579
    1.9084 0.00216809
    1.9135 0.00217932
   1.91831 0.00218945
   1.92286 0.00219853
   1.92716 0.00220645
   1.93122 0.00221324
   1.93506 0.00221888
   1.93868 0.00222339
   1.94211 0.00222665
   1.94534 0.00222863
    1.9484 0.00222925
   1.95129 0.00222846
   1.95401 0.00222612
   1.95659 0.00222219
   1.95903 0.00221652
   1.96133 0.00220906
    1.9635 0.00219961
   1.96555  0.0021881
   1.96749 0.00217429
   1.96933 0.00215811
   1.97106 0.00213927
   1.97269  0.0021177
   1.97424 0.00209304
    1.9757 0.00206524
   1.97708 0.00203383
   1.97838 0.00199883
   1.97961 0.00195965
   1.98077 0.00191644
   1.98187 0.00186849
   1.98291 0.00181614
   1.98389 0.00175864
   1.98482 0.00169659
   1.98569 0.00162925
   1.98652 0.00155762
    1.9873 0.00148099
   1.98804 0.00140089
   1.98874 0.00131665
    1.9894 0.00123037
   1.99002 0.00114139
   1.99061 0.00105236
   1.99116 0.00096242
   1.99169 0.000874733
   1.99218 0.000787979
   1.99265 0.000705744
    1.9931 0.000626826
   1.99355 0.000547385
   1.99399 0.000469657
   1.99444 0.000394538
   1.99488 0.000323553
   1.99533 0.000257831
   1.99577 0.000198653
   1.99622 0.000146968
   1.99666 0.000103469
   1.99711 6.84677e-05
   1.99755 4.17864e-05
     1.998 2.28448e-05
   1.99844 1.0604e-05
   1.99889 3.74675e-06
   1.99933 7.38839e-07
   1.99978 1.83517e-09
