 0.0002225 0.00490912
 0.0006675  0.0146833
 0.0011125   0.024426
 0.0015575  0.0341177
 0.0020025  0.0437128
 0.0024475  0.0531443
 0.0028925  0.0623306
 0.0033375  0.0711837
 0.0037825  0.0796178
 0.0042275  0.0875569
 0.0046725  0.0949401
 0.0051175   0.101725
 0.0055625   0.107888
 0.0060075   0.113423
 0.0064525    0.11834
 0.0068975   0.122663
 0.0073476   0.126463
0.00781612   0.129852
0.00831203   0.132861
0.00883694   0.135464
0.00939255   0.137643
0.00998065   0.139388
 0.0106031     0.1407
  0.011262   0.141588
 0.0119594   0.142068
 0.0126977   0.142164
  0.013479   0.141904
 0.0143061   0.141319
 0.0151815   0.140445
 0.0161082   0.139315
  0.017089   0.137964
 0.0181271   0.136425
  0.019226   0.134727
 0.0203891     0.1329
 0.0216203    0.13097
 0.0229234    0.12896
 0.0243028   0.126891
 0.0257628   0.124783
 0.0273082   0.122652
  0.028944   0.120514
 0.0306754   0.118384
 0.0325081   0.116274
 0.0344479   0.114198
 0.0365012   0.112166
 0.0386746    0.11019
  0.040975    0.10828
   0.04341   0.106442
 0.0459873   0.104681
 0.0487154   0.103003
  0.051603   0.101412
 0.0546595  0.0999077
 0.0578947  0.0984911
 0.0613191  0.0971602
 0.0649437  0.0959132
 0.0687803  0.0947467
 0.0728413  0.0936572
 0.0771397  0.0926402
 0.0816895  0.0916845
 0.0865054   0.090785
 0.0916029  0.0899391
 0.0969985  0.0891462
   0.10271  0.0883984
  0.108755  0.0876962
  0.115153  0.0870298
  0.121926  0.0864087
  0.129095  0.0858154
  0.136683  0.0852515
  0.144715   0.084691
  0.153216  0.0841361
  0.162214  0.0835635
  0.171739  0.0829931
  0.181821  0.0824227
  0.192492  0.0818437
  0.203788  0.0812763
  0.215744  0.0806446
  0.228399  0.0800894
  0.241794  0.0793654
  0.255972  0.0788705
   0.27098  0.0779862
  0.286865  0.0777534
  0.304824  0.0761009
  0.324407  0.0755147
  0.343989  0.0742614
  0.363571  0.0732623
  0.383154  0.0720506
  0.402736   0.070943
  0.422319  0.0697529
  0.441901  0.0686043
  0.461484  0.0674802
  0.481066  0.0663375
  0.500648  0.0651787
  0.520231  0.0640579
  0.539813  0.0629333
  0.559396  0.0617903
  0.578978   0.060624
   0.59856  0.0594401
  0.618143  0.0582576
  0.637725  0.0570534
  0.657308  0.0558618
   0.67689  0.0546371
  0.696473  0.0534076
  0.716055   0.052153
  0.735637  0.0508866
   0.75522  0.0496126
  0.774802  0.0483045
  0.794385  0.0469603
  0.813967   0.045652
  0.833549  0.0444148
  0.853132  0.0432536
  0.872714   0.042134
  0.892297  0.0410924
  0.911879  0.0401576
  0.931462  0.0393339
  0.951044  0.0386555
  0.970626  0.0381139
  0.990209  0.0377329
   1.00979  0.0375442
   1.02937  0.0375527
   1.04896  0.0377374
   1.06854  0.0380918
   1.08812  0.0386104
    1.1077  0.0392776
   1.12729  0.0400962
   1.14687  0.0410311
   1.16645  0.0420301
   1.18603  0.0431119
   1.20562   0.044262
    1.2252  0.0454533
   1.24478  0.0467144
   1.26436  0.0480264
   1.28395  0.0493372
   1.30353  0.0506464
   1.32311  0.0519551
   1.34269  0.0532665
   1.36228  0.0545825
   1.38186  0.0558848
   1.40144  0.0571684
   1.42102  0.0584316
   1.44061  0.0596939
   1.46019  0.0609774
   1.47977  0.0622478
   1.49935  0.0635082
   1.51894  0.0648169
   1.53852  0.0661304
    1.5581  0.0674026
   1.57768  0.0686709
   1.59727  0.0700137
   1.61685  0.0712178
   1.63643  0.0725085
   1.65601  0.0736046
    1.6756  0.0749674
   1.69518  0.0755466
   1.71314  0.0772588
   1.72902  0.0775024
   1.74403  0.0784318
   1.75821  0.0789864
    1.7716  0.0797473
   1.78426  0.0803192
   1.79621  0.0809674
   1.80751  0.0815438
   1.81818  0.0821197
   1.82826  0.0826701
   1.83779  0.0832156
   1.84679   0.083763
   1.85529  0.0843018
   1.86332  0.0848617
   1.87091   0.085436
   1.87808  0.0860527
   1.88485  0.0866997
   1.89125  0.0873799
   1.89729  0.0880922
     1.903  0.0888462
    1.9084  0.0896448
    1.9135   0.090496
   1.91831   0.091399
   1.92286  0.0923616
   1.92716  0.0933896
   1.93122  0.0944891
   1.93506  0.0956653
   1.93868  0.0969221
   1.94211  0.0982629
   1.94534  0.0996903
    1.9484   0.101204
   1.95129   0.102803
   1.95401   0.104484
   1.95659   0.106245
   1.95903   0.108081
   1.96133   0.109985
    1.9635    0.11195
   1.96555   0.113966
   1.96749   0.116024
   1.96933   0.118114
   1.97106   0.120222
   1.97269   0.122335
   1.97424    0.12444
    1.9757   0.126518
   1.97708   0.128554
   1.97838   0.130528
   1.97961   0.132419
   1.98077   0.134203
   1.98187   0.135854
   1.98291   0.137345
   1.98389   0.138644
   1.98482   0.139719
   1.98569   0.140537
   1.98652   0.141063
    1.9873   0.141265
   1.98804    0.14111
   1.98874   0.140573
    1.9894    0.13963
   1.99002   0.138266
   1.99061   0.136473
   1.99116   0.134252
   1.99169   0.131613
   1.99218   0.128575
   1.99265   0.125167
    1.9931   0.121355
   1.99355   0.117031
   1.99399   0.112123
   1.99444   0.106609
   1.99488   0.100482
   1.99533  0.0937482
   1.99577  0.0864309
   1.99622  0.0785728
   1.99666  0.0702338
   1.99711  0.0614881
   1.99755  0.0524192
     1.998  0.0431126
   1.99844  0.0336475
   1.99889  0.0240887
   1.99933  0.0144803
   1.99978 0.00484106
