 0.0002225 8.32412e-06
 0.0006675 0.000163379
 0.0011125 0.000466005
 0.0015575 0.000875047
 0.0020025 0.00139112
 0.0024475 0.00198385
 0.0028925 0.00265306
 0.0033375 0.00337592
 0.0037825 0.00415085
 0.0042275 0.00496171
 0.0046725  0.0058053
 0.0051175 0.00667149
 0.0055625 0.00755531
 0.0060075 0.00845208
 0.0064525 0.00935475
 0.0068975  0.0102638
 0.0073476  0.0111594
0.00781612  0.0121031
0.00831203  0.0131135
0.00883694  0.0141583
0.00939255  0.0152651
0.00998065  0.0164069
 0.0106031  0.0176044
  0.011262  0.0188355
 0.0119594  0.0201146
 0.0126977  0.0214236
  0.013479  0.0227714
 0.0143061  0.0241427
 0.0151815  0.0255421
 0.0161082  0.0269565
  0.017089  0.0283868
 0.0181271  0.0298214
  0.019226  0.0312589
 0.0203891  0.0326885
 0.0216203  0.0341072
 0.0229234  0.0355053
 0.0243028  0.0368786
 0.0257628  0.0382184
 0.0273082  0.0395203
  0.028944  0.0407769
 0.0306754  0.0419838
 0.0325081  0.0431349
 0.0344479  0.0442265
 0.0365012  0.0452542
 0.0386746  0.0462153
  0.040975  0.0471072
   0.04341  0.0479289
 0.0459873    0.04868
 0.0487154  0.0493615
  0.051603  0.0499749
 0.0546595  0.0505226
 0.0578947  0.0510077
 0.0613191  0.0514343
 0.0649437  0.0518064
 0.0687803  0.0521286
 0.0728413  0.0524056
 0.0771397  0.0526411
 0.0816895  0.0528402
 0.0865054  0.0530052
 0.0916029  0.0531385
 0.0969985  0.0532408
   0.10271  0.0533143
  0.108755   0.053357
  0.115153   0.053372
  0.121926   0.053357
  0.129095  0.0533191
  0.136683  0.0532557
  0.144715   0.053173
  0.153216  0.0530559
  0.162214    0.05292
  0.171739  0.0527379
  0.181821  0.0525439
  0.192492  0.0522873
  0.203788  0.0520393
  0.215744  0.0516923
  0.228399  0.0514035
  0.241794  0.0509273
  0.255972   0.050683
   0.27098   0.049971
  0.286865  0.0499179
  0.304824  0.0489659
  0.324407  0.0488219
  0.343989  0.0477928
  0.363571  0.0474657
  0.383154  0.0466607
  0.402736  0.0462221
  0.422319  0.0455323
  0.441901  0.0450509
  0.461484  0.0444061
  0.481066  0.0438926
  0.500648  0.0432666
  0.520231  0.0427114
  0.539813  0.0420832
  0.559396  0.0414977
  0.578978   0.040863
   0.59856  0.0402601
  0.618143  0.0396247
  0.637725  0.0390307
  0.657308  0.0384057
   0.67689  0.0378174
  0.696473   0.037207
  0.716055  0.0366327
  0.735637  0.0360442
   0.75522  0.0354663
  0.774802  0.0348866
  0.794385  0.0343373
  0.813967  0.0338003
  0.833549  0.0333063
  0.853132  0.0328405
  0.872714  0.0324196
  0.892297  0.0320262
  0.911879  0.0316774
  0.931462  0.0313812
  0.951044  0.0311566
  0.970626  0.0310033
  0.990209  0.0309064
   1.00979  0.0308577
   1.02937  0.0308552
   1.04896  0.0309176
   1.06854  0.0310289
   1.08812  0.0312106
    1.1077  0.0314544
   1.12729  0.0317658
   1.14687   0.032131
   1.16645  0.0325441
   1.18603  0.0329903
   1.20562   0.033477
    1.2252  0.0339873
   1.24478  0.0345502
   1.26436   0.035141
   1.28395  0.0357705
   1.30353  0.0364183
   1.32311  0.0371083
   1.34269  0.0378038
   1.36228  0.0385281
   1.38186  0.0392125
   1.40144  0.0399243
   1.42102  0.0406061
   1.44061  0.0413311
   1.46019  0.0420077
   1.47977  0.0427293
   1.49935  0.0433814
   1.51894   0.044114
   1.53852  0.0447307
    1.5581   0.045462
   1.57768  0.0460231
   1.59727  0.0467911
   1.61685  0.0472723
   1.63643  0.0481047
   1.65601  0.0484204
    1.6756   0.049434
   1.69518  0.0495132
   1.71314  0.0504177
   1.72902  0.0503997
   1.74403  0.0510662
   1.75821  0.0512618
    1.7716  0.0516817
   1.78426  0.0519124
   1.79621  0.0521987
   1.80751  0.0523934
   1.81818  0.0525975
   1.82826  0.0527523
   1.83779  0.0528918
   1.84679   0.052991
   1.85529  0.0530732
   1.86332  0.0531276
   1.87091  0.0531635
   1.87808  0.0531713
   1.88485  0.0531555
   1.89125  0.0531125
   1.89729  0.0530452
     1.903  0.0529496
    1.9084  0.0528274
    1.9135   0.052676
   1.91831  0.0524946
   1.92286  0.0522796
   1.92716  0.0520281
   1.93122  0.0517363
   1.93506  0.0514002
   1.93868  0.0510152
   1.94211  0.0505772
   1.94534   0.050082
    1.9484   0.049526
   1.95129  0.0489056
   1.95401  0.0482181
   1.95659  0.0474619
   1.95903  0.0466364
   1.96133  0.0457422
    1.9635  0.0447802
   1.96555  0.0437527
   1.96749  0.0426623
   1.96933  0.0415133
   1.97106  0.0403094
   1.97269  0.0390567
   1.97424  0.0377595
    1.9757  0.0364256
   1.97708  0.0350594
   1.97838  0.0336697
   1.97961  0.0322605
   1.98077  0.0308416
   1.98187  0.0294159
   1.98291  0.0279941
   1.98389  0.0265774
   1.98482  0.0251774
   1.98569   0.023793
   1.98652  0.0224372
    1.9873  0.0211053
   1.98804  0.0198123
   1.98874  0.0185493
    1.9894  0.0173341
   1.99002  0.0161525
   1.99061  0.0150262
   1.99116  0.0139348
   1.99169  0.0129048
   1.99218  0.0119088
   1.99265   0.010979
    1.9931  0.0100966
   1.99355 0.00920119
   1.99399 0.00831227
   1.99444 0.00742935
   1.99488  0.0065594
   1.99533 0.00570697
   1.99577 0.00487699
   1.99622 0.00407938
   1.99666 0.00331732
   1.99711  0.0026066
   1.99755 0.00194882
     1.998  0.0013663
   1.99844  0.0008593
   1.99889  0.0004575
   1.99933 0.000160374
   1.99978 8.12701e-06
