 0.0002225 0.00312483
 0.0006675 0.00876984
 0.0011125  0.0138797
 0.0015575  0.0184997
 0.0020025  0.0226742
 0.0024475  0.0264382
 0.0028925   0.029829
 0.0033375  0.0328794
 0.0037825  0.0356244
 0.0042275  0.0380957
 0.0046725   0.040325
 0.0051175  0.0423403
 0.0055625   0.044168
 0.0060075  0.0458306
 0.0064525  0.0473489
 0.0068975  0.0487395
 0.0073476  0.0500342
0.00781612  0.0512758
0.00831203  0.0524853
0.00883694  0.0536594
0.00939255  0.0547981
0.00998065  0.0558982
 0.0106031  0.0569586
  0.011262  0.0579764
 0.0119594  0.0589501
 0.0126977  0.0598775
  0.013479  0.0607572
 0.0143061  0.0615876
 0.0151815  0.0623676
 0.0161082  0.0630964
  0.017089  0.0637733
 0.0181271  0.0643983
  0.019226  0.0649711
 0.0203891  0.0654923
 0.0216203  0.0659622
 0.0229234  0.0663822
 0.0243028  0.0667532
 0.0257628  0.0670772
 0.0273082  0.0673557
  0.028944  0.0675904
 0.0306754  0.0677828
 0.0325081  0.0679346
 0.0344479  0.0680477
 0.0365012  0.0681245
 0.0386746  0.0681674
  0.040975  0.0681785
   0.04341  0.0681608
 0.0459873  0.0681164
 0.0487154   0.068047
  0.051603  0.0679541
 0.0546595  0.0678403
 0.0578947  0.0677065
 0.0613191  0.0675543
 0.0649437  0.0673837
 0.0687803  0.0671963
 0.0728413  0.0669908
 0.0771397  0.0667712
 0.0816895  0.0665376
 0.0865054  0.0662957
 0.0916029  0.0660454
 0.0969985  0.0657885
   0.10271  0.0655207
  0.108755  0.0652431
  0.115153  0.0649518
  0.121926  0.0646511
  0.129095  0.0643372
  0.136683  0.0640124
  0.144715  0.0636771
  0.153216  0.0633208
  0.162214  0.0629545
  0.171739  0.0625506
  0.181821  0.0621311
  0.192492  0.0616489
  0.203788  0.0611859
  0.215744  0.0606332
  0.228399  0.0601743
  0.241794  0.0594955
  0.255972  0.0590568
   0.27098  0.0581809
  0.286865  0.0582416
  0.304824  0.0565719
  0.324407  0.0563902
  0.343989  0.0552979
  0.363571  0.0545974
  0.383154  0.0536728
  0.402736   0.052917
  0.422319   0.052053
  0.441901  0.0512589
  0.461484  0.0504262
  0.481066  0.0495922
  0.500648  0.0487592
  0.520231  0.0479324
  0.539813   0.047054
  0.559396  0.0461218
  0.578978  0.0452268
   0.59856  0.0443425
  0.618143  0.0434907
  0.637725  0.0426345
  0.657308   0.041804
   0.67689  0.0409534
  0.696473  0.0401319
  0.716055  0.0392475
  0.735637  0.0383701
   0.75522  0.0374825
  0.774802  0.0366538
  0.794385  0.0358327
  0.813967  0.0349963
  0.833549  0.0341709
  0.853132  0.0333871
  0.872714  0.0326602
  0.892297  0.0320186
  0.911879  0.0314331
  0.931462  0.0309316
  0.951044  0.0305155
  0.970626  0.0302145
  0.990209  0.0299924
   1.00979  0.0298653
   1.02937  0.0298459
   1.04896  0.0299464
   1.06854  0.0301876
   1.08812  0.0305445
    1.1077  0.0309954
   1.12729  0.0315317
   1.14687  0.0321481
   1.16645  0.0328115
   1.18603  0.0335331
   1.20562  0.0343626
    1.2252  0.0352614
   1.24478  0.0361898
   1.26436  0.0371892
   1.28395  0.0382133
   1.30353  0.0392554
   1.32311  0.0402685
   1.34269  0.0412823
   1.36228  0.0422567
   1.38186  0.0432304
   1.40144  0.0442127
   1.42102  0.0452151
   1.44061  0.0462004
   1.46019  0.0471921
   1.47977  0.0481742
   1.49935  0.0491866
   1.51894  0.0501609
   1.53852  0.0510751
    1.5581  0.0520186
   1.57768  0.0528883
   1.59727   0.053792
   1.61685  0.0545833
   1.63643  0.0555453
   1.65601  0.0563242
    1.6756  0.0574206
   1.69518  0.0574537
   1.71314  0.0589902
   1.72902  0.0588079
   1.74403  0.0594972
   1.75821  0.0597819
    1.7716  0.0602997
   1.78426  0.0606267
   1.79621  0.0610511
   1.80751  0.0613954
   1.81818  0.0617847
   1.82826   0.062121
   1.83779  0.0624683
   1.84679  0.0627771
   1.85529  0.0630823
   1.86332  0.0633818
   1.87091   0.063687
   1.87808   0.063987
   1.88485  0.0642885
   1.89125  0.0645853
   1.89729  0.0648731
     1.903  0.0651555
    1.9084  0.0654299
    1.9135  0.0656945
   1.91831  0.0659455
   1.92286   0.066187
   1.92716  0.0664158
   1.93122  0.0666297
   1.93506  0.0668238
   1.93868  0.0669972
   1.94211  0.0671483
   1.94534  0.0672771
    1.9484  0.0673834
   1.95129  0.0674695
   1.95401  0.0675347
   1.95659   0.067577
   1.95903  0.0675924
   1.96133  0.0675788
    1.9635  0.0675343
   1.96555   0.067457
   1.96749  0.0673437
   1.96933  0.0671915
   1.97106  0.0669983
   1.97269  0.0667619
   1.97424  0.0664804
    1.9757  0.0661517
   1.97708  0.0657745
   1.97838  0.0653475
   1.97961  0.0648702
   1.98077  0.0643418
   1.98187  0.0637623
   1.98291   0.063131
   1.98389  0.0624486
   1.98482  0.0617148
   1.98569  0.0609307
   1.98652   0.060097
    1.9873   0.059215
   1.98804  0.0582863
   1.98874  0.0573125
    1.9894  0.0562958
   1.99002  0.0552379
   1.99061  0.0541415
   1.99116  0.0530077
   1.99169  0.0518395
   1.99218  0.0506369
   1.99265  0.0494032
    1.9931  0.0481174
   1.99355  0.0467369
   1.99399  0.0452305
   1.99444  0.0435817
   1.99488  0.0417702
   1.99533   0.039774
   1.99577  0.0375672
   1.99622  0.0351223
   1.99666  0.0324085
   1.99711  0.0293948
   1.99755  0.0260471
     1.998  0.0223334
   1.99844  0.0182172
   1.99889  0.0136643
   1.99933 0.00863144
   1.99978 0.00307441
