 0.0002225  0.0325795
 0.0006675  0.0299816
 0.0011125  0.0276798
 0.0015575  0.0252774
 0.0020025  0.0224026
 0.0024475  0.0189481
 0.0028925   0.014828
 0.0033375  0.0102499
 0.0037825 0.00538143
 0.0042275 0.000585228
 0.0046725 -0.00392244
 0.0051175 -0.00785327
 0.0055625 -0.0111096
 0.0060075  -0.013584
 0.0064525 -0.0153138
 0.0068975 -0.0165248
 0.0073476 -0.0169636
0.00781612 -0.0166828
0.00831203 -0.0163453
0.00883694 -0.0154604
0.00939255 -0.0144913
0.00998065 -0.0132031
 0.0106031 -0.0119473
  0.011262 -0.0105827
 0.0119594 -0.00934889
 0.0126977 -0.00815018
  0.013479 -0.00712905
 0.0143061 -0.00620898
 0.0151815 -0.00546222
 0.0161082 -0.00482394
  0.017089 -0.00432419
 0.0181271 -0.00391032
  0.019226 -0.00359138
 0.0203891 -0.0033285
 0.0216203 -0.00312341
 0.0229234 -0.00294999
 0.0243028 -0.00280765
 0.0257628 -0.00267998
 0.0273082 -0.00256772
  0.028944 -0.00246184
 0.0306754 -0.00236244
 0.0325081 -0.0022634
 0.0344479 -0.00216598
 0.0365012 -0.00206865
 0.0386746 -0.00197341
  0.040975 -0.0018786
   0.04341 -0.00178518
 0.0459873 -0.00169162
 0.0487154 -0.00159956
  0.051603 -0.00150804
 0.0546595 -0.00141944
 0.0578947 -0.00133252
 0.0613191 -0.00124818
 0.0649437 -0.00116663
 0.0687803 -0.00108894
 0.0728413 -0.00101382
 0.0771397 -0.000944913
 0.0816895 -0.000877559
 0.0865054 -0.00081492
 0.0916029 -0.000756341
 0.0969985 -0.000703821
   0.10271 -0.000653945
  0.108755 -0.000609537
  0.115153 -0.000566767
  0.121926 -0.000530678
  0.129095 -0.000496555
  0.136683 -0.00046758
  0.144715 -0.000440931
  0.153216 -0.000416364
  0.162214 -0.00039488
  0.171739 -0.000373274
  0.181821 -0.000358495
  0.192492 -0.00033838
  0.203788 -0.000331532
  0.215744 -0.000308376
  0.228399 -0.000313017
  0.241794 -0.000281428
  0.255972 -0.000304632
   0.27098 -0.000253748
  0.286865 -0.000336843
  0.304824 -0.000173836
  0.324407 -0.000232879
  0.343989 -0.000190174
  0.363571 -0.00019082
  0.383154 -0.000164422
  0.402736 -0.0001579
  0.422319 -0.00013997
  0.441901 -0.000131566
  0.461484 -0.000119837
  0.481066 -0.000111869
  0.500648 -0.000101713
  0.520231 -9.56334e-05
  0.539813 -8.79413e-05
  0.559396 -8.1207e-05
  0.578978 -7.46023e-05
   0.59856 -6.88445e-05
  0.618143 -6.35309e-05
  0.637725 -5.83945e-05
  0.657308 -5.40457e-05
   0.67689 -4.96159e-05
  0.696473 -4.60436e-05
  0.716055 -4.22297e-05
  0.735637 -3.87901e-05
   0.75522 -3.55266e-05
  0.774802 -3.27292e-05
  0.794385 -2.98103e-05
  0.813967 -2.69616e-05
  0.833549 -2.47407e-05
  0.853132 -2.2928e-05
  0.872714 -2.10699e-05
  0.892297 -1.95547e-05
  0.911879 -1.81881e-05
  0.931462 -1.69253e-05
  0.951044 -1.60815e-05
  0.970626 -1.56385e-05
  0.990209 -1.51382e-05
   1.00979 -1.49234e-05
   1.02937 -1.49469e-05
   1.04896 -1.52146e-05
   1.06854 -1.57376e-05
   1.08812 -1.6614e-05
    1.1077 -1.74667e-05
   1.12729 -1.88038e-05
   1.14687 -2.05991e-05
   1.16645 -2.21656e-05
   1.18603 -2.39327e-05
   1.20562 -2.66197e-05
    1.2252 -2.9117e-05
   1.24478 -3.20615e-05
   1.26436 -3.57882e-05
   1.28395 -3.94188e-05
   1.30353 -4.33643e-05
   1.32311 -4.75152e-05
   1.34269 -5.22085e-05
   1.36228 -5.76455e-05
   1.38186 -6.29178e-05
   1.40144 -6.9358e-05
   1.42102 -7.58132e-05
   1.44061 -8.33327e-05
   1.46019 -9.09631e-05
   1.47977 -9.95382e-05
   1.49935 -0.000107666
   1.51894 -0.00011937
   1.53852 -0.000128744
    1.5581 -0.000142693
   1.57768 -0.000151804
   1.59727 -0.000171803
   1.61685 -0.000178606
   1.63643 -0.000204835
   1.65601 -0.00020478
    1.6756 -0.000248564
   1.69518 -0.000182493
   1.71314 -0.000348098
   1.72902 -0.000261904
   1.74403 -0.000310719
   1.75821 -0.000287135
    1.7716 -0.000316124
   1.78426 -0.000309528
   1.79621 -0.000330426
   1.80751 -0.000335295
   1.81818 -0.000353774
   1.82826 -0.00036603
   1.83779 -0.000386135
   1.84679 -0.000405216
   1.85529 -0.000427001
   1.86332 -0.000452383
   1.87091 -0.000480303
   1.87808 -0.000512858
   1.88485 -0.000549054
   1.89125 -0.000588892
   1.89729 -0.000631357
     1.903 -0.000678904
    1.9084 -0.000730395
    1.9135 -0.000787806
   1.91831 -0.000847125
   1.92286 -0.000911806
   1.92716 -0.000980192
   1.93122 -0.00105303
   1.93506 -0.00112894
   1.93868 -0.00120807
   1.94211 -0.0012896
   1.94534 -0.00137457
    1.9484 -0.00146068
   1.95129 -0.00154911
   1.95401 -0.00163848
   1.95659 -0.00173071
   1.95903 -0.00182293
   1.96133 -0.00191509
    1.9635 -0.00200687
   1.96555 -0.00210091
   1.96749 -0.00219504
   1.96933 -0.0022916
   1.97106 -0.0023901
   1.97269 -0.00249579
   1.97424 -0.00260743
    1.9757 -0.00273435
   1.97708 -0.00287626
   1.97838 -0.00304925
   1.97961 -0.00325371
   1.98077 -0.00351581
   1.98187 -0.00383389
   1.98291 -0.0042463
   1.98389 -0.0047434
   1.98482 -0.00537669
   1.98569 -0.00611559
   1.98652 -0.00702323
    1.9873 -0.00802697
   1.98804 -0.00920081
   1.98874 -0.0104031
    1.9894 -0.0117262
   1.99002 -0.0129345
   1.99061 -0.0141653
   1.99116 -0.0150754
   1.99169 -0.0158953
   1.99218 -0.0161751
   1.99265 -0.0163947
    1.9931 -0.0159124
   1.99355 -0.0146818
   1.99399 -0.0129504
   1.99444 -0.0105052
   1.99488 -0.00731486
   1.99533 -0.00348776
   1.99577 0.000879903
   1.99622 0.00550942
   1.99666  0.0101956
   1.99711  0.0145931
   1.99755  0.0185466
     1.998  0.0218606
   1.99844  0.0246213
   1.99889  0.0269323
   1.99933  0.0291504
   1.99978  0.0316542
