  0.000445 -0.0219183
  0.001335 -0.0207501
  0.002225 -0.0197713
  0.003115 -0.0187665
  0.004005 -0.0176467
  0.004895 -0.0164316
  0.005785 -0.0152186
  0.006675 -0.0141274
0.00756867 -0.0132412
0.00852095 -0.0125302
0.00958982   -0.01202
 0.0107896 -0.0116877
 0.0121362 -0.0114442
 0.0136477 -0.0111676
 0.0153442 -0.0107538
 0.0172484 -0.0101539
 0.0193858 -0.00937899
 0.0217849 -0.00848191
 0.0244777 -0.00753095
 0.0275001 -0.00658864
 0.0308926 -0.00570089
 0.0347005 -0.00489533
 0.0389746 -0.00418402
 0.0437719 -0.00356676
 0.0491566 -0.00303834
 0.0552005 -0.00259087
 0.0619844 -0.00221124
 0.0695988 -0.00188872
 0.0781455 -0.00161481
 0.0877386 -0.00138263
 0.0985062 -0.0011859
  0.110592 -0.00101921
  0.124158 -0.000878789
  0.139384 -0.000761447
  0.156474 -0.000662624
  0.175657 -0.000579159
  0.197189 -0.000508203
  0.221357 -0.00044782
  0.248483 -0.000394987
  0.278931 -0.000343654
  0.314615 -0.000299473
   0.35378 -0.000266393
  0.392945 -0.000240969
   0.43211 -0.000217277
  0.471275 -0.000194684
   0.51044 -0.000173833
  0.549604 -0.000154532
  0.588769 -0.000136773
  0.627934 -0.000120173
  0.667099 -0.000105607
  0.706264 -9.23103e-05
  0.745429 -8.02842e-05
  0.784593 -6.95601e-05
  0.823758 -6.05337e-05
  0.862923 -5.31661e-05
  0.902088 -4.75946e-05
  0.941253 -4.37563e-05
  0.980418 -4.18159e-05
   1.01958 -4.18059e-05
   1.05875 -4.3669e-05
   1.09791 -4.74299e-05
   1.13708 -5.29358e-05
   1.17624 -6.02119e-05
   1.21541 -6.8933e-05
   1.25457 -7.90775e-05
   1.29374 -9.09835e-05
    1.3329 -0.000104256
   1.37207 -0.000119217
   1.41123 -0.000135747
    1.4504 -0.000153372
   1.48956 -0.000172529
   1.52873 -0.000193313
   1.56789 -0.000215905
   1.60706 -0.000240322
   1.64622 -0.000266301
   1.68539 -0.000299697
   1.72107 -0.000344201
   1.75152 -0.000395335
   1.77865 -0.000448031
   1.80281 -0.000507788
   1.82434 -0.000577775
   1.84353 -0.000660671
   1.86062 -0.000759197
   1.87584 -0.000876551
   1.88941 -0.00101657
    1.9015 -0.00118304
   1.91226 -0.0013797
   1.92186 -0.00161167
    1.9304 -0.00188466
   1.93802 -0.00220629
    1.9448 -0.00258613
   1.95084 -0.00303466
   1.95623 -0.00356149
   1.96103 -0.00417843
    1.9653 -0.00489152
   1.96911 -0.00569809
    1.9725 -0.00658565
   1.97552 -0.00752521
   1.97822 -0.00847144
   1.98061 -0.00936338
   1.98275 -0.0101337
   1.98466 -0.0107295
   1.98635 -0.0111392
   1.98786 -0.0114124
   1.98921 -0.0116533
   1.99041 -0.0119833
   1.99148 -0.0124907
   1.99243 -0.0131969
   1.99333 -0.0140754
   1.99421 -0.0151544
    1.9951 -0.0163509
     1.996 -0.0175465
   1.99689 -0.0186467
   1.99777 -0.0196345
   1.99867 -0.0205993
   1.99956 -0.0217548
