  0.000445 4.4907e-05
  0.001335 0.000386623
  0.002225 0.00103964
  0.003115 0.00196959
  0.004005 0.00312823
  0.004895 0.00445077
  0.005785 0.00586058
  0.006675 0.00727873
0.00756867 0.00864066
0.00852095  0.0099716
0.00958982   0.011257
 0.0107896   0.012409
 0.0121362  0.0133463
 0.0136477  0.0140112
 0.0153442  0.0143805
 0.0172484  0.0144659
 0.0193858   0.014306
 0.0217849  0.0139531
 0.0244777  0.0134611
 0.0275001  0.0128782
 0.0308926  0.0122434
 0.0347005  0.0115873
 0.0389746  0.0109333
 0.0437719  0.0102993
 0.0491566 0.00969651
 0.0552005 0.00913164
 0.0619844 0.00861116
 0.0695988 0.00813836
 0.0781455 0.00771523
 0.0877386 0.00734041
 0.0985062 0.00700894
  0.110592  0.0067197
  0.124158 0.00646844
  0.139384 0.00625568
  0.156474 0.00606962
  0.175657 0.00590277
  0.197189 0.00574736
  0.221357 0.00560566
  0.248483 0.00545654
  0.278931 0.00528496
  0.314615 0.00509585
   0.35378 0.00483016
  0.392945  0.0045487
   0.43211 0.00426808
  0.471275 0.00398031
   0.51044 0.00368461
  0.549604 0.00339914
  0.588769 0.00311855
  0.627934 0.00284862
  0.667099 0.00258827
  0.706264 0.00233797
  0.745429 0.00209529
  0.784593  0.0018794
  0.823758 0.00168476
  0.862923 0.00152139
  0.902088 0.00139029
  0.941253 0.00129817
  0.980418  0.0012488
   1.01958 0.00124483
   1.05875 0.00128362
   1.09791 0.00136567
   1.13708 0.00148824
   1.17624 0.00164744
   1.21541 0.00183375
   1.25457 0.00204131
   1.29374 0.00226851
    1.3329  0.0025114
   1.37207 0.00277086
   1.41123 0.00305084
    1.4504 0.00334274
   1.48956 0.00363497
   1.52873 0.00393259
   1.56789 0.00422115
   1.60706 0.00451934
   1.64622  0.0048165
   1.68539 0.00508246
   1.72107 0.00526024
   1.75152 0.00543506
   1.77865 0.00558844
   1.80281 0.00573073
   1.82434 0.00588473
   1.84353 0.00604797
   1.86062 0.00623405
   1.87584 0.00645196
   1.88941 0.00670526
    1.9015 0.00699608
   1.91226 0.00732872
   1.92186 0.00770621
    1.9304 0.00813144
   1.93802 0.00860487
    1.9448 0.00912502
   1.95084 0.00968837
   1.95623  0.0102886
   1.96103  0.0109172
    1.9653  0.0115638
   1.96911  0.0122136
    1.9725  0.0128436
   1.97552  0.0134234
   1.97822   0.013913
   1.98061  0.0142636
   1.98275   0.014421
   1.98466  0.0143329
   1.98635  0.0139612
   1.98786  0.0132944
   1.98921  0.0123562
   1.99041  0.0112047
   1.99148 0.00992124
   1.99243 0.00859363
   1.99333  0.0072363
   1.99421 0.00582415
    1.9951  0.0044215
     1.996 0.00310666
   1.99689 0.00195552
   1.99777 0.00103203
   1.99867 0.000383747
   1.99956 4.45694e-05
