  0.000445 0.000411969
  0.001335 0.00089885
  0.002225 0.00114894
  0.003115 0.00124364
  0.004005 0.00123953
  0.004895 0.00117531
  0.005785 0.00107676
  0.006675 0.000959515
0.00756867 0.000831318
0.00852095 0.000688574
0.00958982 0.000524732
 0.0107896 0.000336928
 0.0121362 0.000121687
 0.0136477 -0.000122854
 0.0153442 -0.000394309
 0.0172484 -0.000683482
 0.0193858 -0.000973145
 0.0217849 -0.00123915
 0.0244777 -0.00145398
 0.0275001 -0.00159209
 0.0308926 -0.00163578
 0.0347005 -0.00157984
 0.0389746 -0.0014343
 0.0437719 -0.00122402
 0.0491566 -0.000982411
 0.0552005 -0.000742981
 0.0619844 -0.00053554
 0.0695988 -0.000380121
 0.0781455 -0.000281785
 0.0877386 -0.000231582
 0.0985062 -0.000212155
  0.110592 -0.000205465
  0.124158 -0.000201797
  0.139384 -0.000199103
  0.156474 -0.000188211
  0.175657 -0.000178522
  0.197189 -0.000166234
  0.221357 -0.000152311
  0.248483 -0.000133375
  0.278931 -0.000114351
  0.314615 -0.000105043
   0.35378 -7.55742e-05
  0.392945 -6.15583e-05
   0.43211 -5.51204e-05
  0.471275 -4.65508e-05
   0.51044 -3.62505e-05
  0.549604 -3.15642e-05
  0.588769 -2.94602e-05
  0.627934 -2.25136e-05
  0.667099 -2.04248e-05
  0.706264 -1.7215e-05
  0.745429 -1.38498e-05
  0.784593 -1.18185e-05
  0.823758 -1.12565e-05
  0.862923 -1.04473e-05
  0.902088 -8.90776e-06
  0.941253 -7.93186e-06
  0.980418 -9.05679e-06
   1.01958 -1.01551e-05
   1.05875 -1.05011e-05
   1.09791 -1.13943e-05
   1.13708 -1.2182e-05
   1.17624 -1.27808e-05
   1.21541 -1.32165e-05
   1.25457 -1.46972e-05
   1.29374 -1.47763e-05
    1.3329 -1.91272e-05
   1.37207 -2.14898e-05
   1.41123 -2.54936e-05
    1.4504 -2.94649e-05
   1.48956 -3.54286e-05
   1.52873 -4.43177e-05
   1.56789 -5.53366e-05
   1.60706 -6.28996e-05
   1.64622 -7.75153e-05
   1.68539 -0.00010469
   1.72107 -0.000114069
   1.75152 -0.00013254
   1.77865 -0.000151154
   1.80281 -0.000165348
   1.82434 -0.000180175
   1.84353 -0.000193417
   1.86062 -0.000203387
   1.87584 -0.000205534
   1.88941 -0.000204922
    1.9015 -0.000207879
   1.91226 -0.000228106
   1.92186 -0.000282019
    1.9304 -0.000382676
   1.93802 -0.000536361
    1.9448 -0.000740989
   1.95084 -0.000978399
   1.95623 -0.00121915
   1.96103 -0.00142698
    1.9653 -0.00157003
   1.96911 -0.00162562
    1.9725 -0.00158367
   1.97552 -0.0014484
   1.97822 -0.00123643
   1.98061 -0.000972757
   1.98275 -0.000684901
   1.98466 -0.000397258
   1.98635 -0.00012725
   1.98786 0.000115863
   1.98921 0.000329733
   1.99041 0.000516288
   1.99148 0.000679042
   1.99243 0.000820869
   1.99333 0.000948287
   1.99421 0.00106487
    1.9951 0.00116295
     1.996 0.00122702
   1.99689 0.00123153
   1.99777 0.00113812
   1.99867 0.000890671
   1.99956 0.000408367
