  0.000445 3.08211e-06
  0.001335 0.000115002
  0.002225 0.000544587
  0.003115 0.00148928
  0.004005 0.00306292
  0.004895 0.00526221
  0.005785 0.00795894
  0.006675   0.010928
0.00756867  0.0139166
0.00852095  0.0168385
0.00958982  0.0195439
 0.0107896  0.0216862
 0.0121362  0.0229713
 0.0136477  0.0232487
 0.0153442  0.0225532
 0.0172484   0.021077
 0.0193858  0.0190908
 0.0217849  0.0168623
 0.0244777  0.0146047
 0.0275001  0.0124619
 0.0308926  0.0105161
 0.0347005 0.00880356
 0.0389746 0.00733134
 0.0437719 0.00609151
 0.0491566 0.00506621
 0.0552005 0.00423161
 0.0619844 0.00356292
 0.0695988 0.00303533
 0.0781455 0.00262181
 0.0877386 0.00229947
 0.0985062 0.00204544
  0.110592 0.00184219
  0.124158 0.00167239
  0.139384  0.0015331
  0.156474 0.00140742
  0.175657 0.00129726
  0.197189 0.00119102
  0.221357 0.00110166
  0.248483 0.000999861
  0.278931 0.000910846
  0.314615 0.00083745
   0.35378 0.00072143
  0.392945 0.000613822
   0.43211 0.000532112
  0.471275 0.000454205
   0.51044 0.000386521
  0.549604 0.000325168
  0.588769 0.000271459
  0.627934 0.000221379
  0.667099 0.000178989
  0.706264 0.000142835
  0.745429  0.0001099
  0.784593 8.07432e-05
  0.823758 5.5881e-05
  0.862923 3.50984e-05
  0.902088 1.88517e-05
  0.941253 7.93319e-06
  0.980418 2.55561e-06
   1.01958 2.76079e-06
   1.05875 8.19142e-06
   1.09791 1.90143e-05
   1.13708 3.50972e-05
   1.17624 5.65826e-05
   1.21541 8.15621e-05
   1.25457 0.000109642
   1.29374 0.000142821
    1.3329 0.000182198
   1.37207 0.000223411
   1.41123 0.000270768
    1.4504 0.000320922
   1.48956 0.000375824
   1.52873 0.000438871
   1.56789 0.000518938
   1.60706 0.000607071
   1.64622 0.000719793
   1.68539 0.000837387
   1.72107 0.000913994
   1.75152 0.00100566
   1.77865 0.00110338
   1.80281 0.00119201
   1.82434 0.00129325
   1.84353 0.00140265
   1.86062 0.00152792
   1.87584 0.00167288
   1.88941 0.00184366
    1.9015 0.00204942
   1.91226 0.00230564
   1.92186 0.00262816
    1.9304 0.00303774
   1.93802 0.00356297
    1.9448 0.00423184
   1.95084 0.00506883
   1.95623 0.00609501
   1.96103 0.00733183
    1.9653 0.00879919
   1.96911  0.0105073
    1.9725  0.0124476
   1.97552  0.0145832
   1.97822  0.0168324
   1.98061  0.0190517
   1.98275  0.0210279
   1.98466  0.0224929
   1.98635  0.0231762
   1.98786  0.0228876
   1.98921  0.0215939
   1.99041  0.0194478
   1.99148  0.0167443
   1.99243  0.0138295
   1.99333  0.0108523
   1.99421 0.00789841
    1.9951 0.00521868
     1.996 0.00303568
   1.99689 0.00147522
   1.99777 0.000539189
   1.99867 0.000113813
   1.99956 3.04804e-06
