  0.000445 1.54997e-05
  0.001335 0.000198491
  0.002225 0.000793981
  0.003115 0.00191848
  0.004005 0.00347692
  0.004895 0.00515543
  0.005785 0.00653813
  0.006675 0.00727762
0.00756867 0.00721418
0.00852095 0.00632125
0.00958982 0.00459836
 0.0107896 0.00227206
 0.0121362 -0.000225237
 0.0136477 -0.0024019
 0.0153442 -0.00388602
 0.0172484 -0.00453772
 0.0193858 -0.00444495
 0.0217849 -0.00383339
 0.0244777 -0.00296039
 0.0275001 -0.00204178
 0.0308926 -0.00122185
 0.0347005 -0.000574156
 0.0389746 -0.000116831
 0.0437719 0.000169961
 0.0491566 0.000320171
 0.0552005 0.000369048
 0.0619844 0.000360677
 0.0695988 0.00032225
 0.0781455 0.000277453
 0.0877386 0.000231697
 0.0985062 0.000181313
  0.110592 0.000126325
  0.124158 7.2259e-05
  0.139384 2.29942e-05
  0.156474 -2.29708e-05
  0.175657 -5.98774e-05
  0.197189 -8.50113e-05
  0.221357 -0.000110785
  0.248483 -0.000120479
  0.278931 -0.000141101
  0.314615 -0.000175989
   0.35378 -0.000147204
  0.392945 -0.000106832
   0.43211 -7.96852e-05
  0.471275 -5.63343e-05
   0.51044 -4.21616e-05
  0.549604 -2.3876e-05
  0.588769 -7.65381e-06
  0.627934 3.45373e-06
  0.667099 1.57789e-05
  0.706264 2.42709e-05
  0.745429 3.09054e-05
  0.784593 3.89267e-05
  0.823758 4.67037e-05
  0.862923 5.38849e-05
  0.902088 5.88731e-05
  0.941253 6.20847e-05
  0.980418 6.52624e-05
   1.01958 6.62814e-05
   1.05875 6.43917e-05
   1.09791 6.10143e-05
   1.13708 5.53438e-05
   1.17624 4.74839e-05
   1.21541 3.8651e-05
   1.25457 3.02616e-05
   1.29374 1.90236e-05
    1.3329 9.11113e-06
   1.37207 -1.02891e-06
   1.41123 -1.20889e-05
    1.4504 -2.31545e-05
   1.48956 -3.41123e-05
   1.52873 -4.54481e-05
   1.56789 -6.8523e-05
   1.60706 -9.87408e-05
   1.64622 -0.000142302
   1.68539 -0.000174395
   1.72107 -0.00014307
   1.75152 -0.000124349
   1.77865 -0.000110947
   1.80281 -8.48575e-05
   1.82434 -5.42922e-05
   1.84353 -1.50565e-05
   1.86062 2.92639e-05
   1.87584 7.3714e-05
   1.88941 0.000122437
    1.9015 0.000171129
   1.91226 0.000219214
   1.92186 0.000269571
    1.9304 0.00032028
   1.93802 0.000357328
    1.9448 0.000363836
   1.95084 0.000312247
   1.95623 0.00016508
   1.96103 -0.000123013
    1.9653 -0.000583414
   1.96911 -0.00122868
    1.9725 -0.00204214
   1.97552 -0.00295044
   1.97822 -0.00381217
   1.98061 -0.00441429
   1.98275 -0.00450064
   1.98466 -0.0038455
   1.98635 -0.00236158
   1.98786 -0.000190779
   1.98921 0.00229328
   1.99041 0.00459957
   1.99148 0.00629914
   1.99243 0.00717046
   1.99333 0.00721763
   1.99421 0.00647083
    1.9951 0.00509245
     1.996 0.00342844
   1.99689 0.00188903
   1.99777 0.000781025
   1.99867 0.00019518
   1.99956 1.52644e-05
