  0.000445  0.0193947
  0.001335  0.0581344
  0.002225   0.096735
  0.003115   0.135019
  0.004005   0.172734
  0.004895   0.209576
  0.005785   0.245225
  0.006675   0.279386
0.00756867   0.311947
0.00852095   0.344587
0.00958982   0.378494
 0.0107896   0.413083
 0.0121362   0.447699
 0.0136477   0.481686
 0.0153442    0.51447
 0.0172484   0.545612
 0.0193858   0.574832
 0.0217849   0.601997
 0.0244777   0.627089
 0.0275001   0.650167
 0.0308926   0.671343
 0.0347005   0.690759
 0.0389746   0.708568
 0.0437719    0.72494
 0.0491566   0.740057
 0.0552005   0.754114
 0.0619844   0.767314
 0.0695988   0.779879
 0.0781455   0.792035
 0.0877386   0.803998
 0.0985062   0.815982
  0.110592   0.828171
  0.124158    0.84072
  0.139384   0.853758
  0.156474   0.867449
  0.175657   0.881796
  0.197189   0.896937
  0.221357   0.912806
  0.248483   0.929746
  0.278931   0.946966
  0.314615   0.966372
   0.35378   0.986189
  0.392945    1.00386
   0.43211    1.02041
  0.471275    1.03562
   0.51044     1.0497
  0.549604    1.06258
  0.588769     1.0745
  0.627934    1.08536
  0.667099    1.09512
  0.706264      1.104
  0.745429    1.11197
  0.784593    1.11895
  0.823758    1.12491
  0.862923    1.12981
  0.902088    1.13348
  0.941253    1.13593
  0.980418    1.13715
   1.01958    1.13713
   1.05875    1.13585
   1.09791    1.13334
   1.13708    1.12963
   1.17624    1.12473
   1.21541    1.11862
   1.25457    1.11166
   1.29374    1.10369
    1.3329    1.09475
   1.37207    1.08468
   1.41123     1.0739
    1.4504    1.06194
   1.48956    1.04926
   1.52873    1.03557
   1.56789    1.02078
   1.60706    1.00442
   1.64622   0.986835
   1.68539   0.966839
   1.72107   0.947473
   1.75152    0.92995
   1.77865   0.912957
   1.80281   0.896963
   1.82434   0.881819
   1.84353   0.867473
   1.86062    0.85382
   1.87584   0.840765
   1.88941   0.828177
    1.9015   0.815947
   1.91226   0.803909
   1.92186   0.791883
    1.9304    0.77968
   1.93802   0.767087
    1.9448   0.753862
   1.95084   0.739775
   1.95623   0.724616
   1.96103   0.708204
    1.9653   0.690363
   1.96911   0.670921
    1.9725   0.649721
   1.97552   0.626625
   1.97822   0.601521
   1.98061   0.574347
   1.98275   0.545121
   1.98466   0.513974
   1.98635   0.481187
   1.98786     0.4472
   1.98921    0.41259
   1.99041   0.378012
   1.99148   0.344123
   1.99243   0.311507
   1.99333   0.278975
   1.99421   0.244851
    1.9951   0.209246
     1.996   0.172456
   1.99689   0.134798
   1.99777  0.0965752
   1.99867   0.058038
   1.99956  0.0193625
