  0.000445 0.00824431
  0.001335  0.0246854
  0.002225   0.041034
  0.003115  0.0571012
  0.004005  0.0726004
  0.004895  0.0872029
  0.005785   0.100599
  0.006675    0.11255
0.00756867   0.122961
0.00852095   0.132328
0.00958982   0.140724
 0.0107896   0.147734
 0.0121362   0.153033
 0.0136477   0.156438
 0.0153442   0.157937
 0.0172484   0.157667
 0.0193858    0.15587
 0.0217849   0.152835
 0.0244777   0.148849
 0.0275001   0.144166
 0.0308926   0.139002
 0.0347005   0.133542
 0.0389746   0.127948
 0.0437719   0.122369
 0.0491566   0.116925
 0.0552005   0.111709
 0.0619844   0.106821
 0.0695988   0.102327
 0.0781455  0.0982812
 0.0877386  0.0946874
 0.0985062  0.0914978
  0.110592  0.0886931
  0.124158   0.086241
  0.139384  0.0841412
  0.156474  0.0822832
  0.175657  0.0806211
  0.197189  0.0791091
  0.221357  0.0777621
  0.248483  0.0763288
  0.278931  0.0747722
  0.314615   0.073067
   0.35378  0.0707586
  0.392945  0.0683646
   0.43211  0.0660452
  0.471275  0.0636177
   0.51044   0.061104
  0.549604  0.0586073
  0.588769  0.0560726
  0.627934  0.0535439
  0.667099  0.0509517
  0.706264  0.0483057
  0.745429  0.0455473
  0.784593  0.0429236
  0.823758  0.0404015
  0.862923  0.0381347
  0.902088  0.0362188
  0.941253  0.0347777
  0.980418  0.0339589
   1.01958  0.0338758
   1.05875  0.0344646
   1.09791   0.035709
   1.13708  0.0374968
   1.17624  0.0396445
   1.21541  0.0420432
   1.25457  0.0445893
   1.29374  0.0472252
    1.3329  0.0497947
   1.37207  0.0524618
   1.41123  0.0552067
    1.4504  0.0580203
   1.48956  0.0608022
   1.52873  0.0633976
   1.56789   0.065851
   1.60706  0.0683383
   1.64622  0.0709322
   1.68539  0.0732517
   1.72107  0.0748855
   1.75152   0.076525
   1.77865  0.0779709
   1.80281  0.0793319
   1.82434  0.0808483
   1.84353  0.0824669
   1.86062  0.0843034
   1.87584   0.086437
   1.88941  0.0888918
    1.9015  0.0916724
   1.91226  0.0948311
   1.92186  0.0984071
    1.9304   0.102436
   1.93802   0.106906
    1.9448   0.111776
   1.95084   0.116976
   1.95623   0.122405
   1.96103   0.127952
    1.9653   0.133501
   1.96911    0.13892
    1.9725   0.144053
   1.97552   0.148715
   1.97822   0.152685
   1.98061   0.155703
   1.98275    0.15748
   1.98466   0.157728
   1.98635   0.156206
   1.98786   0.152778
   1.98921   0.147459
   1.99041   0.140432
   1.99148   0.132025
   1.99243   0.122654
   1.99333   0.112247
   1.99421   0.100308
    1.9951  0.0869351
     1.996  0.0723665
   1.99689  0.0569109
   1.99777  0.0408947
   1.99867  0.0246011
   1.99956 0.00821627
