  0.000445 3.86258e-05
  0.001335 0.000303262
  0.002225 0.000763845
  0.003115  0.0013924
  0.004005 0.00215169
  0.004895 0.00301388
  0.005785  0.0039571
  0.006675 0.00496272
0.00756867 0.00601965
0.00852095  0.0071851
0.00958982 0.00852832
 0.0107896  0.0100617
 0.0121362  0.0117934
 0.0136477  0.0137265
 0.0153442  0.0158573
 0.0172484  0.0181736
 0.0193858  0.0206532
 0.0217849  0.0232641
 0.0244777  0.0259645
 0.0275001  0.0287043
 0.0308926   0.031427
 0.0347005  0.0340713
 0.0389746  0.0365736
 0.0437719  0.0388721
 0.0491566  0.0409128
 0.0552005  0.0426548
 0.0619844  0.0440722
 0.0695988  0.0451622
 0.0781455  0.0459385
 0.0877386  0.0464438
 0.0985062  0.0467267
  0.110592  0.0468521
  0.124158  0.0468617
  0.139384  0.0468214
  0.156474  0.0467232
  0.175657  0.0466107
  0.197189  0.0464591
  0.221357  0.0462808
  0.248483  0.0460768
  0.278931  0.0458783
  0.314615  0.0454079
   0.35378  0.0447139
  0.392945  0.0437067
   0.43211   0.042545
  0.471275  0.0413223
   0.51044  0.0400493
  0.549604  0.0387433
  0.588769  0.0373692
  0.627934  0.0359933
  0.667099  0.0345394
  0.706264  0.0331492
  0.745429  0.0317485
  0.784593  0.0304288
  0.823758  0.0292286
  0.862923  0.0281674
  0.902088  0.0272612
  0.941253  0.0266249
  0.980418  0.0262843
   1.01958  0.0262546
   1.05875  0.0265527
   1.09791  0.0271649
   1.13708  0.0280321
   1.17624   0.029129
   1.21541  0.0303324
   1.25457  0.0316733
   1.29374  0.0330295
    1.3329  0.0344555
   1.37207    0.03584
   1.41123  0.0372164
    1.4504  0.0385707
   1.48956  0.0398792
   1.52873  0.0411618
   1.56789  0.0423258
   1.60706  0.0434817
   1.64622  0.0444591
   1.68539  0.0452146
   1.72107  0.0456454
   1.75152  0.0458683
   1.77865  0.0460623
   1.80281  0.0462413
   1.82434  0.0463869
   1.84353  0.0465281
   1.86062  0.0466345
   1.87584   0.046699
   1.88941  0.0466884
    1.9015  0.0465716
   1.91226  0.0462936
   1.92186  0.0458018
    1.9304  0.0450384
   1.93802  0.0439639
    1.9448  0.0425558
   1.95084  0.0408205
   1.95623  0.0387835
   1.96103  0.0364895
    1.9653  0.0339928
   1.96911  0.0313539
    1.9725  0.0286361
   1.97552  0.0259009
   1.97822  0.0232052
   1.98061  0.0205994
   1.98275  0.0181248
   1.98466  0.0158136
   1.98635  0.0136875
   1.98786  0.0117589
   1.98921  0.0100314
   1.99041 0.00850186
   1.99148  0.0071622
   1.99243      0.006
   1.99333 0.00494615
   1.99421  0.0039436
    1.9951  0.0030034
     1.996  0.0021441
   1.99689 0.00138743
   1.99777 0.000761116
   1.99867 0.00030219
   1.99956 3.85084e-05
