  0.000445 0.00467374
  0.001335  0.0127978
  0.002225  0.0198723
  0.003115  0.0260135
  0.004005   0.031321
  0.004895  0.0358903
  0.005785  0.0398162
  0.006675  0.0431894
0.00756867  0.0461051
0.00852095  0.0487952
0.00958982  0.0513623
 0.0107896  0.0537712
 0.0121362  0.0559867
 0.0136477  0.0579758
 0.0153442  0.0597115
 0.0172484  0.0611775
 0.0193858  0.0623696
 0.0217849  0.0632949
 0.0244777  0.0639687
 0.0275001  0.0644093
 0.0308926  0.0646334
 0.0347005   0.064655
 0.0389746  0.0644849
 0.0437719  0.0641353
 0.0491566  0.0636224
 0.0552005  0.0629671
 0.0619844  0.0622039
 0.0695988  0.0613702
 0.0781455  0.0605054
 0.0877386  0.0596497
 0.0985062  0.0588442
  0.110592   0.058119
  0.124158  0.0574748
  0.139384  0.0569154
  0.156474  0.0564417
  0.175657  0.0559752
  0.197189  0.0554799
  0.221357   0.054977
  0.248483  0.0544419
  0.278931  0.0536117
  0.314615  0.0528302
   0.35378   0.051519
  0.392945  0.0501339
   0.43211  0.0486221
  0.471275  0.0469666
   0.51044  0.0450729
  0.549604  0.0431557
  0.588769  0.0411885
  0.627934  0.0391763
  0.667099   0.037249
  0.706264  0.0352651
  0.745429  0.0332874
  0.784593  0.0314715
  0.823758  0.0297141
  0.862923  0.0281977
  0.902088  0.0269372
  0.941253  0.0260378
  0.980418  0.0255644
   1.01958  0.0255497
   1.05875  0.0259688
   1.09791  0.0268005
   1.13708  0.0280119
   1.17624  0.0295754
   1.21541   0.031302
   1.25457  0.0330334
   1.29374   0.034869
    1.3329  0.0368253
   1.37207  0.0387941
   1.41123  0.0408514
    1.4504   0.042795
   1.48956  0.0445272
   1.52873  0.0463856
   1.56789  0.0481089
   1.60706  0.0497784
   1.64622   0.051235
   1.68539  0.0524857
   1.72107  0.0531898
   1.75152  0.0539458
   1.77865  0.0545498
   1.80281  0.0550422
   1.82434  0.0555093
   1.84353  0.0559491
   1.86062  0.0564468
   1.87584  0.0570244
   1.88941  0.0576972
    1.9015  0.0584757
   1.91226  0.0593415
   1.92186  0.0602549
    1.9304  0.0611667
   1.93802  0.0620331
    1.9448  0.0628106
   1.95084  0.0634596
   1.95623  0.0639539
   1.96103  0.0642737
    1.9653  0.0644185
   1.96911  0.0643841
    1.9725  0.0641554
   1.97552  0.0637156
   1.97822  0.0630453
   1.98061  0.0621249
   1.98275  0.0609382
   1.98466  0.0594773
   1.98635   0.057746
   1.98786  0.0557613
   1.98921  0.0535504
   1.99041   0.051147
   1.99148  0.0485864
   1.99243   0.045904
   1.99333  0.0429975
   1.99421   0.039636
    1.9951  0.0357249
     1.996   0.031174
   1.99689  0.0258895
   1.99777  0.0197764
   1.99867  0.0127354
   1.99956 0.00465083
