  0.000445   0.021488
  0.001335  0.0195367
  0.002225  0.0172825
  0.003115  0.0141181
  0.004005 0.00988526
  0.004895 0.00488651
  0.005785 -0.000260948
  0.006675 -0.00488232
0.00756867 -0.00849473
0.00852095 -0.0110129
0.00958982 -0.0122594
 0.0107896 -0.0121449
 0.0121362 -0.0109059
 0.0136477 -0.0090129
 0.0153442 -0.00698257
 0.0172484 -0.00520173
 0.0193858 -0.00385104
 0.0217849 -0.00293415
 0.0244777 -0.00235764
 0.0275001  -0.002007
 0.0308926 -0.00178859
 0.0347005 -0.00164028
 0.0389746 -0.00152711
 0.0437719 -0.00143444
 0.0491566 -0.00134946
 0.0552005 -0.00126054
 0.0619844 -0.00117262
 0.0695988 -0.00108179
 0.0781455 -0.000990638
 0.0877386 -0.000900673
 0.0985062 -0.000810353
  0.110592 -0.000725377
  0.124158 -0.000646278
  0.139384 -0.000579036
  0.156474 -0.000518885
  0.175657 -0.000465984
  0.197189 -0.000418594
  0.221357 -0.000378732
  0.248483 -0.000339746
  0.278931 -0.000301018
  0.314615 -0.000246766
   0.35378 -0.0002226
  0.392945 -0.00019579
   0.43211 -0.000171834
  0.471275 -0.000149252
   0.51044 -0.000127587
  0.549604 -0.000109097
  0.588769 -9.21528e-05
  0.627934 -7.74978e-05
  0.667099 -6.47154e-05
  0.706264 -5.38354e-05
  0.745429 -4.35049e-05
  0.784593 -3.55755e-05
  0.823758 -2.8607e-05
  0.862923 -2.34723e-05
  0.902088 -1.94402e-05
  0.941253 -1.67603e-05
  0.980418 -1.53711e-05
   1.01958 -1.54433e-05
   1.05875 -1.67147e-05
   1.09791 -1.93701e-05
   1.13708 -2.32683e-05
   1.17624 -2.87034e-05
   1.21541 -3.52988e-05
   1.25457 -4.32525e-05
   1.29374 -5.27494e-05
    1.3329 -6.37857e-05
   1.37207 -7.64923e-05
   1.41123 -9.15931e-05
    1.4504 -0.000108353
   1.48956 -0.000126687
   1.52873 -0.00014808
   1.56789 -0.000170611
   1.60706 -0.000196042
   1.64622 -0.000224175
   1.68539 -0.000248169
   1.72107 -0.000301679
   1.75152 -0.000341313
   1.77865 -0.00038048
   1.80281 -0.000420069
   1.82434 -0.000466568
   1.84353 -0.000518202
   1.86062 -0.000578043
   1.87584 -0.000646839
   1.88941 -0.000724877
    1.9015 -0.000809766
   1.91226 -0.000899273
   1.92186 -0.000990347
    1.9304 -0.00108212
   1.93802 -0.00117242
    1.9448 -0.00126175
   1.95084 -0.00135097
   1.95623 -0.00144181
   1.96103 -0.00153383
    1.9653 -0.00164029
   1.96911 -0.00178591
    1.9725 -0.00200347
   1.97552 -0.00235681
   1.97822 -0.00293817
   1.98061 -0.00385888
   1.98275 -0.00520975
   1.98466 -0.00698645
   1.98635 -0.00900798
   1.98786 -0.0108865
   1.98921 -0.0121053
   1.99041 -0.0121969
   1.99148 -0.0109304
   1.99243 -0.00840107
   1.99333 -0.00479016
   1.99421 -0.000187346
    1.9951 0.00492342
     1.996  0.0098727
   1.99689  0.0140537
   1.99777  0.0171747
   1.99867  0.0193986
   1.99956  0.0213284
