  0.000445 5.50613e-05
  0.001335 0.000467225
  0.002225 0.00124365
  0.003115 0.00233201
  0.004005 0.00366236
  0.004895  0.0051447
  0.005785 0.00667937
  0.006675 0.00817138
0.00756867 0.00955008
0.00852095  0.0108341
0.00958982  0.0120139
 0.0107896  0.0130044
 0.0121362  0.0137441
 0.0136477  0.0141958
 0.0153442  0.0143629
 0.0172484  0.0142748
 0.0193858  0.0139836
 0.0217849  0.0135447
 0.0244777  0.0130128
 0.0275001  0.0124314
 0.0308926   0.011834
 0.0347005   0.011242
 0.0389746  0.0106688
 0.0437719  0.0101218
 0.0491566 0.00960659
 0.0552005 0.00912626
 0.0619844 0.00868183
 0.0695988 0.00827129
 0.0781455 0.00789606
 0.0877386 0.00755669
 0.0985062 0.00725205
  0.110592 0.00698573
  0.124158 0.00675492
  0.139384 0.00656416
  0.156474 0.00640243
  0.175657 0.00627582
  0.197189 0.00614355
  0.221357 0.00605993
  0.248483 0.00588876
  0.278931 0.00580515
  0.314615 0.00538186
   0.35378 0.00526016
  0.392945 0.00488109
   0.43211 0.00456063
  0.471275  0.0041928
   0.51044 0.00387107
  0.549604 0.00355029
  0.588769 0.00324625
  0.627934 0.00295566
  0.667099  0.0026814
  0.706264 0.00242164
  0.745429 0.00217202
  0.784593 0.00194767
  0.823758 0.00175305
  0.862923 0.00158271
  0.902088 0.00144838
  0.941253 0.00135133
  0.980418 0.00130057
   1.01958  0.0012935
   1.05875 0.00133604
   1.09791 0.00142142
   1.13708 0.00155195
   1.17624 0.00171442
   1.21541 0.00191515
   1.25457 0.00212591
   1.29374 0.00236393
    1.3329 0.00262043
   1.37207 0.00288312
   1.41123 0.00315373
    1.4504 0.00344801
   1.48956 0.00376147
   1.52873  0.0040724
   1.56789 0.00441083
   1.60706 0.00471811
   1.64622 0.00505777
   1.68539 0.00518058
   1.72107 0.00562986
   1.75152 0.00571275
   1.77865 0.00589932
   1.80281 0.00600706
   1.82434 0.00615476
   1.84353 0.00628465
   1.86062 0.00646007
   1.87584 0.00665016
   1.88941 0.00688589
    1.9015 0.00715245
   1.91226 0.00746195
   1.92186 0.00780788
    1.9304 0.00818811
   1.93802 0.00860811
    1.9448 0.00906673
   1.95084 0.00956133
   1.95623  0.0100904
   1.96103  0.0106518
    1.9653  0.0112421
   1.96911  0.0118531
    1.9725  0.0124695
   1.97552  0.0130691
   1.97822  0.0136192
   1.98061  0.0140767
   1.98275  0.0143862
   1.98466  0.0144914
   1.98635  0.0143392
   1.98786  0.0138989
   1.98921   0.013166
   1.99041  0.0121767
   1.99148  0.0109924
   1.99243 0.00969903
   1.99333 0.00830634
   1.99421 0.00679554
    1.9951  0.0052383
     1.996 0.00373147
   1.99689 0.00237726
   1.99777 0.00126826
   1.99867 0.000476599
   1.99956 5.61825e-05
