  0.000445 2.34185e-08
  0.001335 -3.47957e-06
  0.002225 -1.67707e-05
  0.003115 -4.75421e-05
  0.004005 -9.84333e-05
  0.004895 -0.000174301
  0.005785 -0.000269268
  0.006675 -0.000385415
0.00756867 -0.000508224
0.00852095 -0.000640136
0.00958982 -0.0008009
 0.0107896 -0.000961477
 0.0121362 -0.00113284
 0.0136477 -0.00129109
 0.0153442 -0.00144254
 0.0172484 -0.00157193
 0.0193858 -0.00168628
 0.0217849 -0.00177866
 0.0244777 -0.00185628
 0.0275001 -0.00191687
 0.0308926 -0.0019659
 0.0347005 -0.00200276
 0.0389746 -0.0020308
 0.0437719 -0.00204979
 0.0491566 -0.00206165
 0.0552005 -0.0020662
 0.0619844 -0.00206432
 0.0695988 -0.00205624
 0.0781455 -0.0020434
 0.0877386 -0.00202545
 0.0985062 -0.00200416
  0.110592 -0.00197884
  0.124158 -0.00195188
  0.139384 -0.00192241
  0.156474 -0.00189255
  0.175657 -0.0018651
  0.197189 -0.00183298
  0.221357 -0.0018122
  0.248483 -0.00176588
  0.278931 -0.00176751
  0.314615 -0.00166097
   0.35378 -0.00160902
  0.392945 -0.00147166
   0.43211 -0.00137633
  0.471275 -0.00125902
   0.51044 -0.00116101
  0.549604 -0.00106002
  0.588769 -0.000963935
  0.627934 -0.000866431
  0.667099 -0.000775287
  0.706264 -0.000680153
  0.745429 -0.000588836
  0.784593 -0.000496537
  0.823758 -0.000406012
  0.862923 -0.000316871
  0.902088 -0.0002268
  0.941253 -0.000137141
  0.980418 -4.85927e-05
   1.01958 4.06972e-05
   1.05875 0.000128112
   1.09791 0.000215667
   1.13708 0.000304291
   1.17624 0.000390482
   1.21541 0.00047766
   1.25457 0.000561572
   1.29374 0.000650851
    1.3329 0.000735999
   1.37207 0.000826407
   1.41123 0.000920137
    1.4504  0.0010094
   1.48956 0.00111427
   1.52873 0.00120593
   1.56789 0.00131844
   1.60706 0.00141542
   1.64622 0.00154239
   1.68539 0.00160274
   1.72107 0.00171591
   1.75152 0.00171946
   1.77865 0.00177964
   1.80281 0.00180358
   1.82434 0.00184305
   1.84353 0.00187338
   1.86062 0.00191046
   1.87584 0.00194305
   1.88941 0.00197548
    1.9015 0.00200334
   1.91226  0.0020289
   1.92186 0.00204957
    1.9304 0.00206528
   1.93802 0.00207531
    1.9448 0.00207944
   1.95084 0.00207689
   1.95623 0.00206682
   1.96103 0.00204929
    1.9653 0.00202273
   1.96911 0.00198699
    1.9725 0.00193865
   1.97552 0.00187843
   1.97822 0.00180103
   1.98061 0.00170869
   1.98275 0.00159408
   1.98466 0.00146413
   1.98635  0.0013117
   1.98786 0.00115211
   1.98921 0.000978908
   1.99041 0.000816297
   1.99148 0.000653163
   1.99243 0.00051908
   1.99333 0.000394034
   1.99421 0.000275547
    1.9951 0.000178524
     1.996  0.0001009
   1.99689 4.87628e-05
   1.99777 1.72122e-05
   1.99867 3.5712e-06
   1.99956 -2.36333e-08
