  0.000445  0.0258842
  0.001335  0.0228144
  0.002225  0.0193856
  0.003115  0.0147979
  0.004005 0.00891636
  0.004895 0.00241007
  0.005785 -0.00379962
  0.006675 -0.00884925
0.00756867  -0.012739
0.00852095 -0.0138907
0.00958982 -0.0142862
 0.0107896 -0.0130754
 0.0121362  -0.011144
 0.0136477 -0.00874244
 0.0153442 -0.00658017
 0.0172484 -0.00479998
 0.0193858 -0.00357231
 0.0217849 -0.00276578
 0.0244777 -0.00229793
 0.0275001 -0.00202777
 0.0308926 -0.00188182
 0.0347005 -0.00178955
 0.0389746 -0.00172214
 0.0437719 -0.00165941
 0.0491566 -0.00159945
 0.0552005 -0.00153665
 0.0619844  -0.001469
 0.0695988 -0.00138837
 0.0781455 -0.00130132
 0.0877386 -0.00121075
 0.0985062 -0.00111741
  0.110592 -0.0010292
  0.124158 -0.000945026
  0.139384 -0.000871995
  0.156474 -0.000803282
  0.175657 -0.000744542
  0.197189 -0.000676765
  0.221357 -0.000628283
  0.248483 -0.000551047
  0.278931 -0.000500762
  0.314615 -0.0003428
   0.35378 -0.000342228
  0.392945 -0.000294045
   0.43211 -0.000256776
  0.471275 -0.000214615
   0.51044 -0.000182708
  0.549604 -0.000152601
  0.588769 -0.000127706
  0.627934 -0.000106364
  0.667099 -8.82357e-05
  0.706264 -7.31867e-05
  0.745429 -5.96305e-05
  0.784593 -4.87417e-05
  0.823758 -4.00581e-05
  0.862923 -3.26131e-05
  0.902088 -2.73371e-05
  0.941253 -2.35366e-05
  0.980418 -2.20427e-05
   1.01958 -2.18098e-05
   1.05875 -2.36713e-05
   1.09791 -2.70033e-05
   1.13708 -3.2661e-05
   1.17624 -3.95419e-05
   1.21541 -4.97067e-05
   1.25457 -6.02423e-05
   1.29374 -7.4104e-05
    1.3329 -9.05004e-05
   1.37207 -0.000108098
   1.41123 -0.000128302
    1.4504 -0.00015319
   1.48956 -0.00018213
   1.52873 -0.000213941
   1.56789 -0.000252519
   1.60706 -0.000287832
   1.64622 -0.000331791
   1.68539 -0.000333566
   1.72107 -0.000495249
   1.75152 -0.000545245
   1.77865 -0.000625036
   1.80281 -0.000680333
   1.82434 -0.000752243
   1.84353 -0.000808808
   1.86062 -0.000883217
   1.87584 -0.000952241
   1.88941 -0.00103976
    1.9015 -0.00112566
   1.91226 -0.00122208
   1.92186 -0.00131834
    1.9304 -0.00140384
   1.93802 -0.00148639
    1.9448 -0.00156053
   1.95084 -0.00162574
   1.95623 -0.00168492
   1.96103 -0.00174211
    1.9653 -0.00181075
   1.96911 -0.00190983
    1.9725 -0.00205987
   1.97552 -0.0023264
   1.97822 -0.00278967
   1.98061 -0.00360044
   1.98275 -0.00483831
   1.98466 -0.00663614
   1.98635 -0.00883015
   1.98786 -0.0112849
   1.98921  -0.013281
   1.99041 -0.0145609
   1.99148 -0.0142161
   1.99243  -0.013105
   1.99333 -0.00918768
   1.99421 -0.00406837
    1.9951 0.00226609
     1.996 0.00893614
   1.99689  0.0149878
   1.99777  0.0197178
   1.99867  0.0232498
   1.99956  0.0264014
