  0.000445 -0.0150544
  0.001335 -0.00273384
  0.002225 -0.00344754
  0.003115 -0.00326209
  0.004005 -0.00321625
  0.004895 -0.00316516
  0.005785 -0.00312253
  0.006675 -0.00308566
0.00756867 -0.00299926
0.00852095 -0.00281226
0.00958982 -0.00259626
 0.0107896 -0.0024046
 0.0121362 -0.00223154
 0.0136477 -0.00208105
 0.0153442 -0.00195798
 0.0172484 -0.00186878
 0.0193858 -0.00181903
 0.0217849 -0.00180932
 0.0244777 -0.00183128
 0.0275001 -0.00186723
 0.0308926 -0.00189484
 0.0347005 -0.00189492
 0.0389746 -0.00185715
 0.0437719 -0.00178089
 0.0491566 -0.00167235
 0.0552005 -0.00154095
 0.0619844 -0.00139652
 0.0695988 -0.00124767
 0.0781455 -0.00110144
 0.0877386 -0.000963173
 0.0985062 -0.000836188
  0.110592 -0.000721761
  0.124158 -0.000620045
  0.139384 -0.000531203
  0.156474 -0.000454202
  0.175657 -0.000387447
  0.197189 -0.000329476
  0.221357 -0.000278765
  0.248483 -0.000235323
  0.278931 -0.0001965
  0.314615 -0.000163302
   0.35378 -0.000140353
  0.392945 -0.000124109
   0.43211 -0.000110705
  0.471275 -9.94289e-05
   0.51044 -8.95482e-05
  0.549604 -8.09042e-05
  0.588769 -7.3242e-05
  0.627934 -6.64314e-05
  0.667099 -6.05742e-05
  0.706264 -5.54374e-05
  0.745429 -5.08487e-05
  0.784593 -4.67677e-05
  0.823758 -4.32315e-05
  0.862923 -4.0359e-05
  0.902088 -3.82032e-05
  0.941253 -3.67217e-05
  0.980418 -3.59655e-05
   1.01958 -3.59747e-05
   1.05875 -3.67157e-05
   1.09791 -3.81993e-05
   1.13708 -4.03641e-05
   1.17624 -4.31443e-05
   1.21541 -4.66236e-05
   1.25457 -5.06905e-05
   1.29374 -5.5476e-05
    1.3329 -6.10101e-05
   1.37207 -6.71056e-05
   1.41123 -7.39087e-05
    1.4504 -8.15199e-05
   1.48956 -8.99297e-05
   1.52873 -9.944e-05
   1.56789 -0.000110622
   1.60706 -0.000123864
   1.64622 -0.000140168
   1.68539 -0.000163605
   1.72107 -0.000197153
   1.75152 -0.000236004
   1.77865 -0.00027941
   1.80281 -0.000330394
   1.82434 -0.000389312
   1.84353 -0.000456631
   1.86062 -0.000533826
   1.87584 -0.000622438
   1.88941 -0.000723556
    1.9015 -0.000837947
   1.91226 -0.000965171
   1.92186 -0.0011033
    1.9304 -0.00124914
   1.93802 -0.00139775
    1.9448 -0.00154227
   1.95084 -0.00167408
   1.95623 -0.0017834
   1.96103 -0.00186067
    1.9653 -0.00189928
   1.96911 -0.00189949
    1.9725 -0.00187156
   1.97552 -0.00183481
   1.97822 -0.00181174
   1.98061 -0.00182036
   1.98275 -0.0018692
   1.98466 -0.00195768
   1.98635 -0.00208013
   1.98786 -0.00223004
   1.98921 -0.00240257
   1.99041 -0.00259374
   1.99148 -0.00280929
   1.99243 -0.00299593
   1.99333 -0.00308217
   1.99421 -0.00311902
    1.9951 -0.00316174
     1.996 -0.00321302
   1.99689 -0.00325919
   1.99777 -0.00344504
   1.99867 -0.00273261
   1.99956 -0.0150478
