  0.000445 8.11453e-05
  0.001335 0.000165176
  0.002225 0.000330544
  0.003115 0.000539985
  0.004005 0.00079792
  0.004895 0.00110116
  0.005785 0.00144781
  0.006675 0.00183554
0.00756867 0.00226403
0.00852095 0.00275142
0.00958982  0.0033187
 0.0107896 0.00397431
 0.0121362  0.0047227
 0.0136477 0.00556431
 0.0153442 0.00649276
 0.0172484 0.00749215
 0.0193858 0.00853475
 0.0217849 0.00958044
 0.0244777  0.0105791
 0.0275001  0.0114766
 0.0308926  0.0122219
 0.0347005  0.0127748
 0.0389746  0.0131101
 0.0437719  0.0132211
 0.0491566  0.0131192
 0.0552005  0.0128327
 0.0619844  0.0124028
 0.0695988  0.0118765
 0.0781455  0.0112996
 0.0877386  0.0107099
 0.0985062  0.0101352
  0.110592 0.00959347
  0.124158 0.00909125
  0.139384  0.0086236
  0.156474 0.00818555
  0.175657 0.00777219
  0.197189  0.0073789
  0.221357 0.00700655
  0.248483  0.0066441
  0.278931 0.00628664
  0.314615 0.00590152
   0.35378 0.00553373
  0.392945 0.00518908
   0.43211 0.00486349
  0.471275 0.00454866
   0.51044 0.00424384
  0.549604  0.0039467
  0.588769 0.00366197
  0.627934 0.00339533
  0.667099 0.00313995
  0.706264 0.00289763
  0.745429 0.00267144
  0.784593 0.00246536
  0.823758 0.00228477
  0.862923 0.00213375
  0.902088 0.00201588
  0.941253 0.00193536
  0.980418 0.00189386
   1.01958 0.00189274
   1.05875 0.00193415
   1.09791 0.00201359
   1.13708  0.0021268
   1.17624  0.0022738
   1.21541 0.00244943
   1.25457 0.00265285
   1.29374 0.00287705
    1.3329 0.00312159
   1.37207 0.00338616
   1.41123 0.00365992
    1.4504 0.00393779
   1.48956 0.00422288
   1.52873 0.00451659
   1.56789 0.00481922
   1.60706 0.00514172
   1.64622 0.00549878
   1.68539 0.00588803
   1.72107 0.00630027
   1.75152 0.00667554
   1.77865 0.00704034
   1.80281 0.00740907
   1.82434 0.00779073
   1.84353 0.00819379
   1.86062 0.00862167
   1.87584 0.00908037
   1.88941 0.00957947
    1.9015  0.0101209
   1.91226  0.0106972
   1.92186  0.0112912
    1.9304  0.0118727
   1.93802  0.0124014
    1.9448  0.0128309
   1.95084  0.0131144
   1.95623  0.0132118
   1.96103  0.0130962
    1.9653  0.0127575
   1.96911  0.0122032
    1.9725  0.0114581
   1.97552   0.010562
   1.97822 0.00956535
   1.98061 0.00852184
   1.98275 0.00748131
   1.98466 0.00648377
   1.98635 0.00555695
   1.98786 0.00471675
   1.98921 0.00396956
   1.99041 0.00331495
   1.99148  0.0027485
   1.99243 0.00226178
   1.99333 0.00183384
   1.99421 0.00144659
    1.9951 0.00110032
     1.996 0.000797383
   1.99689 0.000539672
   1.99777 0.000330383
   1.99867 0.000165108
   1.99956 8.1107e-05
