  0.000445 0.000213364
  0.001335 0.000335564
  0.002225 0.000442949
  0.003115 0.000518796
  0.004005 0.000572061
  0.004895 0.000607141
  0.005785 0.000628086
  0.006675 0.000637095
0.00756867 0.000634875
0.00852095 0.000624953
0.00958982 0.000611617
 0.0107896 0.000595741
 0.0121362 0.00057693
 0.0136477 0.00055597
 0.0153442 0.000533253
 0.0172484 0.000507867
 0.0193858 0.000477292
 0.0217849 0.000437726
 0.0244777 0.000384996
 0.0275001 0.000315849
 0.0308926 0.00022932
 0.0347005 0.000127858
 0.0389746 1.78833e-05
 0.0437719 -9.06632e-05
 0.0491566 -0.00018598
 0.0552005 -0.000256934
 0.0619844 -0.00029578
 0.0695988 -0.000300349
 0.0781455 -0.000274798
 0.0877386 -0.000228314
 0.0985062 -0.00017321
  0.110592 -0.000121819
  0.124158 -8.29327e-05
  0.139384 -5.84046e-05
  0.156474 -4.58443e-05
  0.175657 -4.28375e-05
  0.197189 -4.65768e-05
  0.221357 -5.47371e-05
  0.248483 -5.99789e-05
  0.278931 -6.29139e-05
  0.314615 -4.92241e-05
   0.35378 -3.5216e-05
  0.392945 -2.60646e-05
   0.43211 -1.99994e-05
  0.471275 -1.96129e-05
   0.51044 -2.20183e-05
  0.549604 -2.26101e-05
  0.588769 -2.36287e-05
  0.627934 -2.478e-05
  0.667099 -2.45688e-05
  0.706264 -2.32314e-05
  0.745429 -2.0903e-05
  0.784593 -1.90065e-05
  0.823758 -1.76501e-05
  0.862923 -1.64427e-05
  0.902088 -1.52537e-05
  0.941253 -1.46801e-05
  0.980418 -1.4589e-05
   1.01958 -1.42957e-05
   1.05875 -1.40042e-05
   1.09791 -1.41431e-05
   1.13708 -1.56605e-05
   1.17624 -1.74428e-05
   1.21541 -1.66138e-05
   1.25457 -1.67992e-05
   1.29374 -1.75366e-05
    1.3329 -1.64794e-05
   1.37207 -1.51655e-05
   1.41123 -1.45965e-05
    1.4504 -1.61754e-05
   1.48956 -1.90596e-05
   1.52873 -2.41221e-05
   1.56789 -2.94202e-05
   1.60706 -3.45056e-05
   1.64622 -4.14634e-05
   1.68539 -4.97354e-05
   1.72107 -6.06295e-05
   1.75152 -6.49281e-05
   1.77865 -6.7089e-05
   1.80281 -6.06925e-05
   1.82434 -5.03407e-05
   1.84353 -4.41434e-05
   1.86062 -4.96923e-05
   1.87584 -7.32424e-05
   1.88941 -0.000114616
    1.9015 -0.000167589
   1.91226 -0.000223342
   1.92186 -0.000270973
    1.9304 -0.000298248
   1.93802 -0.000295302
    1.9448 -0.000257635
   1.95084 -0.000187152
   1.95623 -9.15937e-05
   1.96103 1.75683e-05
    1.9653 0.000128194
   1.96911 0.000230181
    1.9725 0.000317067
   1.97552 0.000386443
   1.97822 0.000439326
   1.98061 0.000479001
   1.98275 0.00050967
   1.98466 0.00053517
   1.98635 0.000558044
   1.98786 0.000579207
   1.98921 0.000598259
   1.99041 0.000614393
   1.99148 0.000627992
   1.99243 0.000638164
   1.99333 0.000640594
   1.99421 0.000631733
    1.9951 0.000610861
     1.996 0.000575749
   1.99689 0.000522305
   1.99777 0.000446081
   1.99867 0.000338039
   1.99956 0.000215005
