  0.000445 7.68729e-06
  0.001335 1.84191e-05
  0.002225 6.63672e-05
  0.003115 0.00014834
  0.004005 0.000283188
  0.004895 0.000480658
  0.005785 0.000751142
  0.006675 0.00110283
0.00756867 0.00153592
0.00852095 0.00205685
0.00958982 0.00270685
 0.0107896 0.00352764
 0.0121362 0.00453568
 0.0136477 0.00573792
 0.0153442 0.00711856
 0.0172484 0.00862785
 0.0193858  0.0101727
 0.0217849  0.0116171
 0.0244777  0.0127992
 0.0275001  0.0135665
 0.0308926  0.0138167
 0.0347005   0.013527
 0.0389746  0.0127566
 0.0437719  0.0116252
 0.0491566    0.01028
 0.0552005 0.00886284
 0.0619844 0.00748818
 0.0695988 0.00623371
 0.0781455 0.00514087
 0.0877386 0.00422248
 0.0985062 0.00347193
  0.110592 0.00287065
  0.124158 0.00239486
  0.139384 0.00202024
  0.156474 0.00172423
  0.175657 0.00149009
  0.197189 0.00130044
  0.221357 0.00114531
  0.248483  0.0010156
  0.278931 0.000910462
  0.314615 0.000813418
   0.35378 0.000711872
  0.392945 0.000614513
   0.43211 0.000531114
  0.471275 0.000460467
   0.51044 0.000398676
  0.549604 0.000339947
  0.588769 0.000284109
  0.627934 0.000234636
  0.667099 0.000191911
  0.706264 0.000153779
  0.745429 0.000118723
  0.784593 8.71351e-05
  0.823758 5.99848e-05
  0.862923 3.75476e-05
  0.902088 2.01173e-05
  0.941253 8.09268e-06
  0.980418 1.91713e-06
   1.01958 1.98918e-06
   1.05875 8.42862e-06
   1.09791 2.07951e-05
   1.13708 3.86778e-05
   1.17624 6.20131e-05
   1.21541 9.01797e-05
   1.25457 0.000122625
   1.29374 0.000158383
    1.3329 0.000198154
   1.37207 0.000242135
   1.41123 0.000289359
    1.4504 0.000339665
   1.48956 0.000395543
   1.52873 0.000459826
   1.56789 0.000532462
   1.60706 0.000613514
   1.64622 0.000707516
   1.68539 0.000811065
   1.72107 0.000916231
   1.75152 0.00102747
   1.77865 0.00115675
   1.80281 0.00131018
   1.82434 0.00149744
   1.84353 0.00172637
   1.86062 0.00201401
   1.87584 0.00238176
   1.88941 0.00285316
    1.9015 0.00345261
   1.91226 0.00420433
   1.92186 0.00512569
    1.9304 0.00622213
   1.93802 0.00748122
    1.9448 0.00886294
   1.95084  0.0102903
   1.95623  0.0116478
   1.96103  0.0127921
    1.9653  0.0135751
   1.96911  0.0138754
    1.9725  0.0136322
   1.97552  0.0128677
   1.97822  0.0116839
   1.98061  0.0102344
   1.98275 0.00868215
   1.98466 0.00716459
   1.98635 0.00577578
   1.98786 0.00456607
   1.98921 0.00355156
   1.99041 0.00272537
   1.99148 0.00207102
   1.99243 0.00154655
   1.99333 0.00111046
   1.99421 0.00075633
    1.9951 0.000483962
     1.996 0.00028512
   1.99689 0.000149339
   1.99777 6.68043e-05
   1.99867 1.8538e-05
   1.99956 7.72332e-06
