  0.000445 2.32726e-06
  0.001335 2.44229e-05
  0.002225 6.11055e-05
  0.003115 0.000123767
  0.004005 0.000216288
  0.004895 0.000341158
  0.005785 0.00049899
  0.006675 0.000687566
0.00756867 0.000893806
0.00852095 0.00111576
0.00958982 0.00135627
 0.0107896 0.00159324
 0.0121362 0.00179001
 0.0136477  0.0018922
 0.0153442 0.00182912
 0.0172484 0.00152715
 0.0193858 0.000937465
 0.0217849 7.22228e-05
 0.0244777 -0.000972007
 0.0275001 -0.00202709
 0.0308926 -0.00290507
 0.0347005 -0.00346143
 0.0389746 -0.00363425
 0.0437719 -0.00344728
 0.0491566 -0.00298709
 0.0552005 -0.00236943
 0.0619844 -0.00170787
 0.0695988 -0.00109174
 0.0781455 -0.000577978
 0.0877386 -0.000191225
 0.0985062 7.16601e-05
  0.110592 0.000233291
  0.124158 0.000320579
  0.139384 0.000352212
  0.156474 0.000347882
  0.175657 0.000319046
  0.197189 0.00027512
  0.221357 0.000227184
  0.248483 0.000175408
  0.278931 0.000121408
  0.314615 4.3791e-05
   0.35378 3.70542e-06
  0.392945 -5.52057e-06
   0.43211 -4.99745e-06
  0.471275 1.78738e-06
   0.51044 1.18855e-05
  0.549604 2.44649e-05
  0.588769 4.10421e-05
  0.627934 5.80197e-05
  0.667099 7.14922e-05
  0.706264 8.31124e-05
  0.745429 9.33533e-05
  0.784593 0.000103201
  0.823758 0.000112393
  0.862923 0.000120447
  0.902088 0.000126661
  0.941253 0.000131531
  0.980418 0.000134137
   1.01958 0.00013346
   1.05875 0.000130326
   1.09791 0.000125028
   1.13708 0.000118182
   1.17624 0.000109347
   1.21541 9.63444e-05
   1.25457 8.38398e-05
   1.29374 7.1637e-05
    1.3329 5.7427e-05
   1.37207 4.28978e-05
   1.41123 3.02786e-05
    1.4504 2.13322e-05
   1.48956 1.35928e-05
   1.52873 7.27979e-06
   1.56789 2.65176e-06
   1.60706 3.10785e-06
   1.64622 1.40624e-05
   1.68539 4.93467e-05
   1.72107 0.000120432
   1.75152 0.000176526
   1.77865 0.000233669
   1.80281 0.000287977
   1.82434 0.000328649
   1.84353 0.000357519
   1.86062 0.000363994
   1.87584 0.000333988
   1.88941 0.000251832
    1.9015 9.25845e-05
   1.91226 -0.000171365
   1.92186 -0.000557723
    1.9304 -0.00106984
   1.93802 -0.00168687
    1.9448 -0.00235357
   1.95084 -0.00297987
   1.95623 -0.00345263
   1.96103 -0.00365623
    1.9653 -0.00350153
   1.96911 -0.00296019
    1.9725 -0.00209125
   1.97552 -0.00103902
   1.97822 7.88058e-06
   1.98061 0.000879739
   1.98275 0.00147774
   1.98466 0.00178806
   1.98635 0.00185872
   1.98786 0.00176315
   1.98921 0.00157203
   1.99041 0.00133979
   1.99148 0.00110311
   1.99243 0.000884283
   1.99333 0.000680647
   1.99421 0.000494209
    1.9951 0.000338056
     1.996 0.000214434
   1.99689 0.000122779
   1.99777 6.06526e-05
   1.99867 2.42886e-05
   1.99956 2.27386e-06
