  0.000445 -1.99535e-07
  0.001335 -8.16918e-07
  0.002225 -2.75187e-06
  0.003115 -6.2065e-06
  0.004005 -1.18598e-05
  0.004895 -2.01825e-05
  0.005785 -3.16442e-05
  0.006675 -4.66472e-05
0.00756867 -6.57545e-05
0.00852095 -9.05844e-05
0.00958982 -0.000123762
 0.0107896 -0.000167856
 0.0121362 -0.000225545
 0.0136477 -0.000299724
 0.0153442 -0.000393161
 0.0172484 -0.000507977
 0.0193858 -0.000644934
 0.0217849 -0.000802698
 0.0244777 -0.000977364
 0.0275001 -0.00116257
 0.0308926 -0.0013503
 0.0347005 -0.00153225
 0.0389746 -0.00170109
 0.0437719 -0.00185144
 0.0491566 -0.00198025
 0.0552005 -0.00208662
 0.0619844 -0.00217135
 0.0695988 -0.00223612
 0.0781455 -0.00228286
 0.0877386 -0.00231338
 0.0985062 -0.00232918
  0.110592 -0.00233182
  0.124158 -0.00232255
  0.139384 -0.00230231
  0.156474 -0.00227166
  0.175657 -0.00223148
  0.197189 -0.00218174
  0.221357 -0.0021232
  0.248483 -0.00205285
  0.278931 -0.00197618
  0.314615 -0.00188015
   0.35378 -0.00177589
  0.392945 -0.00166926
   0.43211 -0.00156308
  0.471275 -0.00145556
   0.51044 -0.00134818
  0.549604 -0.00124069
  0.588769 -0.00113306
  0.627934 -0.00102485
  0.667099 -0.000916002
  0.706264 -0.000807282
  0.745429 -0.000698438
  0.784593 -0.000590027
  0.823758 -0.000481091
  0.862923 -0.000372747
  0.902088 -0.00026415
  0.941253 -0.000155846
  0.980418 -4.74486e-05
   1.01958 6.08358e-05
   1.05875 0.000168566
   1.09791 0.000276621
   1.13708 0.000384231
   1.17624 0.000491693
   1.21541 0.000598754
   1.25457 0.000706144
   1.29374 0.00081289
    1.3329 0.000919963
   1.37207 0.00102691
   1.41123 0.00113454
    1.4504  0.0012421
   1.48956  0.0013499
   1.52873 0.00145639
   1.56789 0.00156257
   1.60706 0.00166874
   1.64622 0.00177423
   1.68539 0.00187778
   1.72107 0.00197218
   1.75152 0.00204851
   1.77865 0.00211838
   1.80281 0.00217784
   1.82434 0.00222821
   1.84353 0.00226971
   1.86062 0.00230159
   1.87584 0.00232302
   1.88941 0.00233343
    1.9015 0.00233172
   1.91226  0.0023168
   1.92186 0.00228731
    1.9304 0.00224168
   1.93802 0.00217793
    1.9448 0.00209393
   1.95084 0.00198791
   1.95623 0.00185911
   1.96103 0.00170851
    1.9653 0.00153923
   1.96911 0.00135669
    1.9725 0.00116824
   1.97552 0.00098225
   1.97822 0.000806785
   1.98061 0.00064826
   1.98275 0.00051062
   1.98466 0.00039522
   1.98635 0.000301302
   1.98786 0.000226738
   1.98921 0.000168747
   1.99041 0.000124421
   1.99148 9.10678e-05
   1.99243 6.61058e-05
   1.99333 4.68963e-05
   1.99421 3.18128e-05
    1.9951 2.02895e-05
     1.996 1.19221e-05
   1.99689 6.23867e-06
   1.99777 2.76572e-06
   1.99867 8.21052e-07
   1.99956 2.00053e-07
