  0.000445 -0.00113115
  0.001335 0.00505583
  0.002225 0.00277222
  0.003115 0.00305039
  0.004005 0.00284528
  0.004895 0.00272138
  0.005785 0.00256872
  0.006675 0.00242632
0.00756867 0.00168604
0.00852095 0.000892135
0.00958982 0.00064069
 0.0107896 0.00030102
 0.0121362 -3.99232e-05
 0.0136477 -0.000389381
 0.0153442 -0.000731906
 0.0172484 -0.00104377
 0.0193858 -0.00129224
 0.0217849 -0.00144467
 0.0244777 -0.00148243
 0.0275001 -0.00141075
 0.0308926 -0.00125759
 0.0347005 -0.00106088
 0.0389746 -0.00085429
 0.0437719 -0.00066169
 0.0491566 -0.000497551
 0.0552005 -0.000368232
 0.0619844 -0.000274151
 0.0695988 -0.000211427
 0.0781455 -0.00017234
 0.0877386 -0.000147879
 0.0985062 -0.000131195
  0.110592 -0.00011904
  0.124158 -0.000109006
  0.139384 -9.78021e-05
  0.156474 -8.64762e-05
  0.175657 -7.56957e-05
  0.197189 -6.51969e-05
  0.221357 -5.69894e-05
  0.248483 -4.94478e-05
  0.278931 -4.53389e-05
  0.314615 -3.0856e-05
   0.35378 -3.03264e-05
  0.392945 -2.58372e-05
   0.43211 -2.23135e-05
  0.471275 -1.92865e-05
   0.51044 -1.68309e-05
  0.549604 -1.45277e-05
  0.588769 -1.2512e-05
  0.627934 -1.12206e-05
  0.667099 -9.86898e-06
  0.706264 -8.70275e-06
  0.745429 -7.64283e-06
  0.784593 -6.64986e-06
  0.823758 -5.82682e-06
  0.862923 -5.14173e-06
  0.902088 -4.57097e-06
  0.941253 -4.23748e-06
  0.980418 -4.05456e-06
   1.01958 -3.98278e-06
   1.05875 -4.27191e-06
   1.09791 -4.70193e-06
   1.13708 -5.10935e-06
   1.17624 -5.83424e-06
   1.21541 -6.52779e-06
   1.25457 -7.61022e-06
   1.29374 -8.60576e-06
    1.3329 -9.74849e-06
   1.37207 -1.14312e-05
   1.41123 -1.31337e-05
    1.4504 -1.48143e-05
   1.48956 -1.68314e-05
   1.52873 -1.92493e-05
   1.56789 -2.18579e-05
   1.60706 -2.51892e-05
   1.64622 -3.00021e-05
   1.68539 -3.07222e-05
   1.72107 -4.58999e-05
   1.75152 -5.05515e-05
   1.77865 -5.75846e-05
   1.80281 -6.63492e-05
   1.82434 -7.59906e-05
   1.84353 -8.70592e-05
   1.86062 -9.81192e-05
   1.87584 -0.000107936
   1.88941 -0.0001184
    1.9015 -0.000130545
   1.91226 -0.000146658
   1.92186 -0.000172124
    1.9304 -0.00021332
   1.93802 -0.000277761
    1.9448 -0.000372622
   1.95084 -0.000502003
   1.95623 -0.000664686
   1.96103 -0.000854292
    1.9653 -0.00105806
   1.96911 -0.00125336
    1.9725 -0.00140649
   1.97552 -0.00147935
   1.97822 -0.0014435
   1.98061 -0.00129252
   1.98275 -0.00104489
   1.98466 -0.000733501
   1.98635 -0.000391339
   1.98786 -4.22808e-05
   1.98921 0.000298215
   1.99041 0.00063741
   1.99148 0.000888444
   1.99243  0.0016814
   1.99333 0.00242088
   1.99421 0.00256321
    1.9951 0.00271601
     1.996 0.00284017
   1.99689 0.00304568
   1.99777 0.00276848
   1.99867 0.00505186
   1.99956 -0.00112981
