  0.000445 -1.41347e-10
  0.001335 -3.01926e-09
  0.002225 -1.23922e-08
  0.003115 -3.03773e-08
  0.004005 -5.77797e-08
  0.004895 -9.48348e-08
  0.005785 -1.41478e-07
  0.006675 -1.97459e-07
0.00756867 -2.64145e-07
0.00852095 -3.71031e-07
0.00958982 -5.17548e-07
 0.0107896 -7.16735e-07
 0.0121362 -9.85181e-07
 0.0136477 -1.3437e-06
 0.0153442 -1.81838e-06
 0.0172484 -2.44246e-06
 0.0193858 -3.26079e-06
 0.0217849 -4.34002e-06
 0.0244777 -5.78883e-06
 0.0275001 -7.79099e-06
 0.0308926 -1.06476e-05
 0.0347005 -1.47989e-05
 0.0389746 -2.07759e-05
 0.0437719 -2.90722e-05
 0.0491566 -3.99716e-05
 0.0552005 -5.33655e-05
 0.0619844 -6.86343e-05
 0.0695988 -8.47846e-05
 0.0781455 -0.000100674
 0.0877386 -0.000115421
 0.0985062 -0.000128521
  0.110592 -0.000139776
  0.124158 -0.000149084
  0.139384 -0.000156317
  0.156474 -0.000161206
  0.175657 -0.000163403
  0.197189 -0.000162848
  0.221357 -0.000159336
  0.248483 -0.000152834
  0.278931 -0.000142202
  0.314615 -0.000134636
   0.35378 -0.000111223
  0.392945 -9.29667e-05
   0.43211 -7.81904e-05
  0.471275 -6.63345e-05
   0.51044 -5.64834e-05
  0.549604 -4.82212e-05
  0.588769 -4.12664e-05
  0.627934 -3.53797e-05
  0.667099 -3.04616e-05
  0.706264 -2.64196e-05
  0.745429 -2.30366e-05
  0.784593 -2.02519e-05
  0.823758 -1.80095e-05
  0.862923 -1.62668e-05
  0.902088 -1.50022e-05
  0.941253 -1.41677e-05
  0.980418 -1.37209e-05
   1.01958 -1.36816e-05
   1.05875 -1.40551e-05
   1.09791 -1.48334e-05
   1.13708 -1.6034e-05
   1.17624 -1.76704e-05
   1.21541 -1.97988e-05
   1.25457 -2.24899e-05
   1.29374 -2.57951e-05
    1.3329 -2.9794e-05
   1.37207 -3.45786e-05
   1.41123 -4.02229e-05
    1.4504 -4.6948e-05
   1.48956 -5.50718e-05
   1.52873 -6.50148e-05
   1.56789 -7.6985e-05
   1.60706 -9.16424e-05
   1.64622 -0.000109657
   1.68539 -0.000132675
   1.72107 -0.000139474
   1.75152 -0.000149504
   1.77865 -0.000155804
   1.80281 -0.000159368
   1.82434 -0.000160004
   1.84353 -0.000157938
   1.86062 -0.000153333
   1.87584 -0.000146541
   1.88941 -0.000137801
    1.9015 -0.000127103
   1.91226 -0.00011447
   1.92186 -0.000100151
    1.9304 -8.46511e-05
   1.93802 -6.88265e-05
    1.9448 -5.37466e-05
   1.95084 -4.04103e-05
   1.95623 -2.94627e-05
   1.96103 -2.10555e-05
    1.9653 -1.49618e-05
   1.96911 -1.07293e-05
    1.9725 -7.83443e-06
   1.97552 -5.8207e-06
   1.97822 -4.37006e-06
   1.98061 -3.29017e-06
   1.98275 -2.46936e-06
   1.98466 -1.8414e-06
   1.98635 -1.36246e-06
   1.98786 -9.99975e-07
   1.98921 -7.28118e-07
   1.99041 -5.26125e-07
   1.99148 -3.77377e-07
   1.99243 -2.68758e-07
   1.99333 -2.00955e-07
   1.99421 -1.44003e-07
    1.9951 -9.65316e-08
     1.996 -5.88038e-08
   1.99689 -3.08986e-08
   1.99777 -1.25897e-08
   1.99867 -3.06075e-09
   1.99956 -1.42144e-10
