  0.000445 -0.0067589
  0.001335 -0.00665228
  0.002225 -0.00656021
  0.003115 -0.00648032
  0.004005 -0.00641045
  0.004895 -0.00634884
  0.005785 -0.00629391
  0.006675 -0.00624429
0.00756867 -0.00619852
0.00852095 -0.00615284
0.00958982 -0.00610413
 0.0107896  -0.006051
 0.0121362 -0.00599131
 0.0136477 -0.00592219
 0.0153442 -0.00584008
 0.0172484 -0.00574112
 0.0193858 -0.00562194
 0.0217849 -0.00548102
 0.0244777 -0.00532037
 0.0275001 -0.00514704
 0.0308926 -0.00497376
 0.0347005 -0.00481744
 0.0389746 -0.00469516
 0.0437719 -0.00461824
 0.0491566 -0.00458655
 0.0552005 -0.00458585
 0.0619844 -0.00459047
 0.0695988 -0.00457049
 0.0781455 -0.0045006
 0.0877386 -0.0043666
 0.0985062 -0.00416689
  0.110592 -0.00390886
  0.124158 -0.00360421
  0.139384 -0.00326762
  0.156474 -0.00291609
  0.175657  -0.002566
  0.197189 -0.00223135
  0.221357 -0.00192141
  0.248483 -0.00164121
  0.278931 -0.00138155
  0.314615 -0.00114344
   0.35378 -0.000962229
  0.392945 -0.000827593
   0.43211 -0.000719113
  0.471275 -0.000630347
   0.51044 -0.000555833
  0.549604 -0.000492302
  0.588769 -0.000437732
  0.627934 -0.000390667
  0.667099 -0.00035037
  0.706264 -0.000316011
  0.745429 -0.000286592
  0.784593 -0.000262001
  0.823758 -0.000241895
  0.862923 -0.000225819
  0.902088 -0.000213805
  0.941253 -0.000205733
  0.980418 -0.000201533
   1.01958 -0.000201175
   1.05875 -0.000204871
   1.09791 -0.000212658
   1.13708 -0.000224345
   1.17624 -0.000239798
   1.21541 -0.000259477
   1.25457 -0.000283663
   1.29374 -0.000312552
    1.3329 -0.000346483
   1.37207 -0.000385953
   1.41123 -0.000431571
    1.4504 -0.000484521
   1.48956 -0.000547322
   1.52873 -0.000622626
   1.56789 -0.000712228
   1.60706 -0.000821183
   1.64622 -0.000956349
   1.68539 -0.00113697
   1.72107  -0.001371
   1.75152 -0.00162657
   1.77865 -0.00190659
   1.80281 -0.0022177
   1.82434 -0.00255474
   1.84353 -0.00290731
   1.86062 -0.00326026
   1.87584 -0.00359907
   1.88941 -0.00390726
    1.9015 -0.00416859
   1.91226 -0.00437063
   1.92186 -0.00450724
    1.9304 -0.00458149
   1.93802 -0.00460749
    1.9448 -0.00460896
   1.95084 -0.00461404
   1.95623 -0.00464743
   1.96103 -0.00472341
    1.9653 -0.00484318
   1.96911 -0.00499681
    1.9725 -0.00516833
   1.97552 -0.00534131
   1.97822 -0.00550291
   1.98061 -0.00564557
   1.98275 -0.00576678
   1.98466 -0.00586768
   1.98635 -0.00595139
   1.98786 -0.00602172
   1.98921 -0.00608225
   1.99041 -0.00613591
   1.99148 -0.0061849
   1.99243 -0.00623069
   1.99333 -0.00627643
   1.99421 -0.00632593
    1.9951 -0.00638063
     1.996 -0.00644195
   1.99689 -0.00651145
   1.99777 -0.00659093
   1.99867 -0.00668256
   1.99956 -0.00678874
