  0.000445 -0.00675874
  0.001335 -0.00665091
  0.002225 -0.00655659
  0.003115 -0.00647362
  0.004005 -0.00640008
  0.004895 -0.00633435
  0.005785 -0.00627499
  0.006675 -0.00622072
0.00756867 -0.00617019
0.00852095 -0.00611939
0.00958982  -0.006065
 0.0107896 -0.00600567
 0.0121362 -0.00593938
 0.0136477 -0.00586341
 0.0153442 -0.00577441
 0.0172484 -0.00566879
 0.0193858 -0.00554351
 0.0217849 -0.00539739
 0.0244777 -0.00523277
 0.0275001 -0.00505704
 0.0308926 -0.00488311
 0.0347005 -0.00472799
 0.0389746 -0.00460875
 0.0437719 -0.00453662
 0.0491566 -0.00451132
 0.0552005 -0.00451857
 0.0619844 -0.00453264
 0.0695988 -0.0045236
 0.0781455 -0.00446597
 0.0877386 -0.00434519
 0.0985062 -0.00415892
  0.110592 -0.00391366
  0.124158 -0.00362016
  0.139384 -0.00329231
  0.156474 -0.00294651
  0.175657 -0.00259889
  0.197189 -0.00226375
  0.221357 -0.00195099
  0.248483 -0.00166656
  0.278931 -0.00140209
  0.314615 -0.00115767
   0.35378 -0.000971329
  0.392945 -0.000832287
   0.43211 -0.000721183
  0.471275 -0.000630831
   0.51044 -0.0005557
  0.549604 -0.000492025
  0.588769 -0.000437186
  0.627934 -0.000389886
  0.667099 -0.000349412
  0.706264 -0.000314933
  0.745429 -0.000285122
  0.784593 -0.000259984
  0.823758 -0.000239644
  0.862923 -0.000223491
  0.902088 -0.000211441
  0.941253 -0.0002034
  0.980418 -0.000199187
   1.01958 -0.000198783
   1.05875 -0.000202476
   1.09791 -0.000210269
   1.13708 -0.000221981
   1.17624 -0.000237603
   1.21541 -0.000257568
   1.25457 -0.000282017
   1.29374 -0.000311058
    1.3329 -0.000345099
   1.37207 -0.000384758
   1.41123 -0.000430779
    1.4504 -0.000484362
   1.48956 -0.000548039
   1.52873 -0.000624278
   1.56789 -0.000715113
   1.60706 -0.000826376
   1.64622 -0.000965071
   1.68539 -0.00114992
   1.72107 -0.00139043
   1.75152 -0.00165161
   1.77865 -0.00193591
   1.80281 -0.00224941
   1.82434 -0.00258641
   1.84353 -0.00293621
   1.86062 -0.00328366
   1.87584 -0.00361444
   1.88941 -0.00391236
    1.9015 -0.0041617
   1.91226 -0.00435084
   1.92186 -0.00447452
    1.9304 -0.00453654
   1.93802 -0.00455148
    1.9448 -0.0045433
   1.95084 -0.00454025
   1.95623 -0.00456706
   1.96103 -0.00463811
    1.9653 -0.00475471
   1.96911  -0.004907
    1.9725 -0.00507904
   1.97552 -0.0052543
   1.97822 -0.00541971
   1.98061 -0.00556745
   1.98275 -0.00569466
   1.98466 -0.00580213
   1.98635 -0.00589268
   1.98786 -0.00596982
   1.98921 -0.00603691
   1.99041 -0.00609675
   1.99148 -0.0061514
   1.99243 -0.0062023
   1.99333 -0.00625281
   1.99421 -0.00630696
    1.9951 -0.0063661
     1.996 -0.00643154
   1.99689 -0.00650473
   1.99777 -0.0065873
   1.99867 -0.00668118
   1.99956 -0.00678857
