  0.000445 1.92882e-06
  0.001335 1.71586e-05
  0.002225 4.72477e-05
  0.003115 9.18663e-05
  0.004005 0.000150715
  0.004895 0.000223518
  0.005785 0.000310013
  0.006675 0.000409944
0.00756867 0.000523552
0.00852095 0.000658969
0.00958982 0.000828181
 0.0107896 0.00103919
 0.0121362 0.00130165
 0.0136477 0.00162704
 0.0153442 0.00202867
 0.0172484 0.00252153
 0.0193858 0.00312162
 0.0217849 0.00384472
 0.0244777 0.00470427
 0.0275001  0.0057082
 0.0308926  0.0068549
 0.0347005 0.00812878
 0.0389746 0.00949654
 0.0437719  0.0109057
 0.0491566  0.0122866
 0.0552005  0.0135596
 0.0619844  0.0146453
 0.0695988  0.0154764
 0.0781455  0.0160083
 0.0877386  0.0162248
 0.0985062  0.0161382
  0.110592  0.0157858
  0.124158  0.0152225
  0.139384  0.0145108
  0.156474  0.0137101
  0.175657  0.0128696
  0.197189  0.0120247
  0.221357  0.0111974
  0.248483  0.0104012
  0.278931 0.00964213
  0.314615 0.00890697
   0.35378  0.0081875
  0.392945 0.00757412
   0.43211 0.00703001
  0.471275 0.00652578
   0.51044 0.00604921
  0.549604 0.00559854
  0.588769 0.00517628
  0.627934 0.00478142
  0.667099 0.00441233
  0.706264 0.00407189
  0.745429 0.00376542
  0.784593 0.00349403
  0.823758 0.00325874
  0.862923 0.00306441
  0.902088  0.0029154
  0.941253 0.00281476
  0.980418 0.00276538
   1.01958 0.00276966
   1.05875 0.00282635
   1.09791 0.00293267
   1.13708 0.00308582
   1.17624  0.0032814
   1.21541 0.00351372
   1.25457 0.00377872
   1.29374   0.004075
    1.3329 0.00440043
   1.37207 0.00475127
   1.41123 0.00513007
    1.4504 0.00553968
   1.48956 0.00597899
   1.52873 0.00644992
   1.56789 0.00695667
   1.60706 0.00750534
   1.64622 0.00812271
   1.68539 0.00884305
   1.72107  0.0095773
   1.75152  0.0103355
   1.77865  0.0111366
   1.80281  0.0119792
   1.82434  0.0128497
   1.84353  0.0137248
   1.86062  0.0145631
   1.87584  0.0153065
   1.88941   0.015891
    1.9015   0.016254
   1.91226  0.0163414
   1.92186  0.0161174
    1.9304  0.0155721
   1.93802  0.0147253
    1.9448  0.0136247
   1.95084  0.0123393
   1.95623  0.0109491
   1.96103 0.00953347
    1.9653 0.00816089
   1.96911  0.0068831
    1.9725 0.00573286
   1.97552 0.00472556
   1.97822  0.0038628
   1.98061 0.00313671
   1.98275 0.00253395
   1.98466 0.00203877
   1.98635 0.00163517
   1.98786 0.00130815
   1.98921 0.00104435
   1.99041 0.000832268
   1.99148 0.000662197
   1.99243 0.000526096
   1.99333 0.000411918
   1.99421 0.00031149
    1.9951 0.00022457
     1.996 0.000151415
   1.99689 9.2287e-05
   1.99777 4.74608e-05
   1.99867 1.72347e-05
   1.99956 1.9372e-06
