  0.000445 3.07669e-05
  0.001335 8.54404e-05
  0.002225 0.000133617
  0.003115 0.000175969
  0.004005 0.000213023
  0.004895 0.000245251
  0.005785 0.000273125
  0.006675 0.000297086
0.00756867 0.000317617
0.00852095 0.000336105
0.00958982 0.000353087
 0.0107896 0.000368019
 0.0121362 0.000380357
 0.0136477 0.000389588
 0.0153442 0.000395277
 0.0172484 0.000397098
 0.0193858 0.00039487
 0.0217849 0.000388562
 0.0244777 0.000378262
 0.0275001 0.000364111
 0.0308926 0.00034618
 0.0347005 0.000324336
 0.0389746 0.000298122
 0.0437719 0.000266722
 0.0491566 0.000229147
 0.0552005 0.000184677
 0.0619844 0.000133494
 0.0695988 7.7276e-05
 0.0781455 1.94447e-05
 0.0877386 -3.51475e-05
 0.0985062 -8.10738e-05
  0.110592 -0.000113534
  0.124158 -0.000129412
  0.139384 -0.00012806
  0.156474 -0.000112583
  0.175657 -8.93805e-05
  0.197189 -6.47934e-05
  0.221357 -4.31284e-05
  0.248483 -2.45383e-05
  0.278931 -1.5787e-05
  0.314615 -3.70028e-05
   0.35378 -2.51262e-05
  0.392945 -2.57434e-05
   0.43211 -3.04245e-05
  0.471275 -3.35579e-05
   0.51044 -3.36728e-05
  0.549604 -3.31105e-05
  0.588769 -3.26836e-05
  0.627934 -3.08891e-05
  0.667099 -2.97983e-05
  0.706264 -2.85768e-05
  0.745429 -2.69828e-05
  0.784593 -2.44367e-05
  0.823758 -2.04753e-05
  0.862923 -1.66897e-05
  0.902088 -1.4261e-05
  0.941253 -1.31403e-05
  0.980418 -1.28697e-05
   1.01958 -1.3613e-05
   1.05875 -1.51462e-05
   1.09791 -1.66318e-05
   1.13708 -1.81898e-05
   1.17624 -1.9829e-05
   1.21541 -2.21779e-05
   1.25457 -2.553e-05
   1.29374 -2.81624e-05
    1.3329 -2.9028e-05
   1.37207 -3.0535e-05
   1.41123 -3.19531e-05
    1.4504 -3.12647e-05
   1.48956 -2.84013e-05
   1.52873 -2.57571e-05
   1.56789 -2.40537e-05
   1.60706 -2.16693e-05
   1.64622 -2.39762e-05
   1.68539 -4.01622e-05
   1.72107 -2.35602e-05
   1.75152 -3.35683e-05
   1.77865 -5.11136e-05
   1.80281 -6.81834e-05
   1.82434 -8.77779e-05
   1.84353 -0.000107262
   1.86062 -0.000120522
   1.87584 -0.000122152
   1.88941 -0.000109349
    1.9015 -8.17307e-05
   1.91226 -4.08868e-05
   1.92186 9.71067e-06
    1.9304 6.52802e-05
   1.93802 0.00012086
    1.9448 0.000172536
   1.95084 0.000218092
   1.95623 0.000256938
   1.96103 0.000289551
    1.9653 0.000316816
   1.96911 0.000339529
    1.9725 0.00035817
   1.97552 0.000372907
   1.97822 0.000383704
   1.98061 0.000390449
   1.98275 0.000393072
   1.98466 0.000391615
   1.98635 0.000386267
   1.98786 0.000377354
   1.98921 0.000365313
   1.99041 0.000350655
   1.99148 0.000333927
   1.99243 0.00031567
   1.99333 0.000295361
   1.99421 0.000271625
    1.9951 0.000243979
     1.996 0.000211982
   1.99689 0.00017516
   1.99777 0.00013304
   1.99867 8.50964e-05
   1.99956 3.06531e-05
