  0.000445 7.78598e-09
  0.001335 3.32372e-07
  0.002225 1.60333e-06
  0.003115 4.51124e-06
  0.004005 9.73282e-06
  0.004895 1.79506e-05
  0.005785 2.98562e-05
  0.006675 4.61409e-05
0.00756867 6.75807e-05
0.00852095 9.67308e-05
0.00958982 0.000138196
 0.0107896 0.000196986
 0.0121362 0.000279973
 0.0136477 0.000396429
 0.0153442 0.000558567
 0.0172484 0.00078196
 0.0193858 0.00108556
 0.0217849 0.00149087
 0.0244777 0.00201973
 0.0275001 0.00269008
 0.0308926 0.00350933
 0.0347005 0.00446599
 0.0389746 0.00552129
 0.0437719 0.00660452
 0.0491566 0.00761633
 0.0552005 0.00844282
 0.0619844  0.0089791
 0.0695988 0.00915552
 0.0781455 0.00895631
 0.0877386 0.00842266
 0.0985062 0.00763931
  0.110592 0.00671121
  0.124158 0.00573966
  0.139384 0.00480585
  0.156474 0.00396395
  0.175657 0.00324215
  0.197189  0.0026472
  0.221357 0.00217351
  0.248483 0.00180168
  0.278931 0.00150733
  0.314615 0.00126581
   0.35378 0.00107111
  0.392945 0.000922059
   0.43211 0.000797518
  0.471275 0.000687912
   0.51044 0.00059006
  0.549604 0.000501455
  0.588769 0.000421856
  0.627934 0.000350474
  0.667099 0.000286349
  0.706264 0.000228418
  0.745429 0.000176085
  0.784593 0.000129255
  0.823758 8.86405e-05
  0.862923 5.52185e-05
  0.902088 2.95328e-05
  0.941253 1.18473e-05
  0.980418 2.5461e-06
   1.01958 2.2164e-06
   1.05875 1.12291e-05
   1.09791 2.93487e-05
   1.13708 5.58094e-05
   1.17624 8.96833e-05
   1.21541 0.000130239
   1.25457 0.000176917
   1.29374 0.000229222
    1.3329 0.000287283
   1.37207 0.000351224
   1.41123 0.000420686
    1.4504 0.00049588
   1.48956 0.000579212
   1.52873 0.000673029
   1.56789 0.000781149
   1.60706 0.000906585
   1.64622 0.00105463
   1.68539 0.00124325
   1.72107 0.00147991
   1.75152 0.00177438
   1.77865 0.00214924
   1.80281 0.00262928
   1.82434 0.00323624
   1.84353  0.0039743
   1.86062   0.004832
   1.87584  0.0057767
   1.88941 0.00675097
    1.9015 0.00767178
   1.91226 0.00843842
   1.92186 0.00894952
    1.9304 0.00912564
   1.93802 0.00893078
    1.9448   0.008384
   1.95084 0.00755554
   1.95623 0.00654854
   1.96103 0.00547408
    1.9653  0.0044288
   1.96911 0.00348148
    1.9725 0.00266995
   1.97552 0.00200552
   1.97822 0.00148096
   1.98061 0.00107868
   1.98275 0.00077719
   1.98466 0.00055525
   1.98635 0.000394116
   1.98786 0.000278356
   1.98921 0.000195852
   1.99041  0.0001374
   1.99148 9.6172e-05
   1.99243 6.71883e-05
   1.99333 4.58709e-05
   1.99421 2.96798e-05
    1.9951 1.78432e-05
     1.996 9.67378e-06
   1.99689 4.48343e-06
   1.99777 1.59325e-06
   1.99867 3.30228e-07
   1.99956 7.72582e-09
