  0.000445 4.26865e-08
  0.001335 5.26752e-07
  0.002225 2.19754e-06
  0.003115 5.80518e-06
  0.004005 1.21179e-05
  0.004895 2.18838e-05
  0.005785 3.58037e-05
  0.006675 5.45129e-05
0.00756867 7.86826e-05
0.00852095 0.000111015
0.00958982 0.000155709
 0.0107896 0.000216726
 0.0121362 0.000298656
 0.0136477 0.000406222
 0.0153442 0.000543223
 0.0172484 0.000710626
 0.0193858 0.000903674
 0.0217849 0.00110821
 0.0244777 0.00129714
 0.0275001 0.00142883
 0.0308926 0.00145015
 0.0347005 0.00130636
 0.0389746 0.000958109
 0.0437719 0.000401602
 0.0491566 -0.000316478
 0.0552005 -0.00109894
 0.0619844 -0.00181809
 0.0695988 -0.00235086
 0.0781455 -0.00261526
 0.0877386 -0.00259217
 0.0985062 -0.00232394
  0.110592 -0.00189252
  0.124158 -0.00139017
  0.139384 -0.00089839
  0.156474 -0.000475493
  0.175657 -0.000150035
  0.197189 7.30016e-05
  0.221357 0.000200591
  0.248483 0.000255798
  0.278931 0.000271024
  0.314615 0.000224238
   0.35378 0.000181797
  0.392945 0.00014769
   0.43211 0.000131895
  0.471275 0.00012539
   0.51044 0.000123236
  0.549604 0.000126191
  0.588769 0.000133968
  0.627934 0.00014298
  0.667099 0.00015369
  0.706264 0.000165279
  0.745429 0.000178167
  0.784593 0.000190718
  0.823758 0.000200804
  0.862923 0.000209494
  0.902088 0.000217242
  0.941253 0.000223235
  0.980418 0.000226452
   1.01958 0.000227306
   1.05875 0.000224945
   1.09791 0.000218284
   1.13708 0.000208426
   1.17624 0.000196486
   1.21541 0.000183743
   1.25457 0.000171099
   1.29374 0.000158426
    1.3329 0.000145432
   1.37207 0.000133119
   1.41123 0.000123782
    1.4504 0.000118216
   1.48956 0.000115955
   1.52873 0.000120696
   1.56789 0.000132566
   1.60706 0.00015014
   1.64622 0.000187683
   1.68539 0.000237161
   1.72107 0.000286856
   1.75152 0.000265875
   1.77865 0.000203315
   1.80281 6.40962e-05
   1.82434 -0.000175224
   1.84353 -0.000514144
   1.86062 -0.000941685
   1.87584 -0.00143071
   1.88941 -0.00192178
    1.9015 -0.00233121
   1.91226 -0.00256952
   1.92186 -0.00256261
    1.9304 -0.00227636
   1.93802 -0.0017335
    1.9448 -0.00101452
   1.95084 -0.000238089
   1.95623 0.00047268
   1.96103 0.00102345
    1.9653 0.00136795
   1.96911 0.00150873
    1.9725 0.00148365
   1.97552 0.00134667
   1.97822 0.00115108
   1.98061 0.000939205
   1.98275 0.000738958
   1.98466 0.000565092
   1.98635 0.000422667
   1.98786 0.000310772
   1.98921 0.000225514
   1.99041 0.000162008
   1.99148 0.000115491
   1.99243 8.18417e-05
   1.99333 5.66874e-05
   1.99421 3.72198e-05
    1.9951  2.274e-05
     1.996 1.2585e-05
   1.99689 6.02388e-06
   1.99777 2.27701e-06
   1.99867 5.44176e-07
   1.99956 4.35225e-08
