  0.000445  0.0049294
  0.001335  0.0147794
  0.002225  0.0246205
  0.003115  0.0344523
  0.004005  0.0442744
  0.004895  0.0540861
  0.005785  0.0638868
  0.006675  0.0736753
0.00756867   0.083491
0.00852095  0.0939348
0.00958982   0.105635
 0.0107896   0.118738
 0.0121362     0.1334
 0.0136477   0.149793
 0.0153442   0.168099
 0.0172484    0.18851
 0.0193858   0.211215
 0.0217849     0.2364
 0.0244777   0.264228
 0.0275001   0.294819
 0.0308926    0.32823
 0.0347005   0.364422
 0.0389746   0.403235
 0.0437719   0.444358
 0.0491566   0.487323
 0.0552005   0.531508
 0.0619844   0.576169
 0.0695988   0.620501
 0.0781455   0.663706
 0.0877386    0.70507
 0.0985062   0.744023
  0.110592   0.780178
  0.124158   0.813347
  0.139384   0.843528
  0.156474   0.870879
  0.175657   0.895689
  0.197189   0.918344
  0.221357   0.939303
  0.248483   0.959066
  0.278931    0.97812
  0.314615   0.997576
   0.35378    1.01639
  0.392945    1.03345
   0.43211    1.04913
  0.471275    1.06364
   0.51044    1.07709
  0.549604    1.08955
  0.588769    1.10103
  0.627934     1.1116
  0.667099    1.12128
  0.706264     1.1301
  0.745429    1.13804
  0.784593    1.14502
  0.823758    1.15096
  0.862923    1.15582
  0.902088    1.15956
  0.941253    1.16214
  0.980418    1.16355
   1.01958     1.1637
   1.05875    1.16255
   1.09791    1.16009
   1.13708    1.15639
   1.17624    1.15152
   1.21541    1.14556
   1.25457    1.13859
   1.29374    1.13068
    1.3329    1.12187
   1.37207    1.11219
   1.41123    1.10165
    1.4504    1.09028
   1.48956    1.07805
   1.52873    1.06488
   1.56789    1.05066
   1.60706    1.03523
   1.64622    1.01837
   1.68539    0.99982
   1.72107   0.980716
   1.75152    0.96196
   1.77865   0.942417
   1.80281   0.921596
   1.82434   0.898968
   1.84353   0.874045
   1.86062   0.846449
   1.87584   0.815922
   1.88941   0.782337
    1.9015   0.745731
   1.91226    0.70633
   1.92186   0.664553
    1.9304   0.620995
   1.93802   0.576383
    1.9448   0.531518
   1.95084   0.487197
   1.95623   0.444151
   1.96103   0.402988
    1.9653   0.364163
   1.96911   0.327975
    1.9725   0.294578
   1.97552   0.264006
   1.97822   0.236198
   1.98061   0.211033
   1.98275   0.188346
   1.98466   0.167953
   1.98635   0.149663
   1.98786   0.133284
   1.98921   0.118635
   1.99041   0.105544
   1.99148  0.0938539
   1.99243  0.0834193
   1.99333  0.0736122
   1.99421   0.063832
    1.9951  0.0540398
     1.996  0.0442365
   1.99689  0.0344228
   1.99777  0.0245994
   1.99867  0.0147668
   1.99956 0.00492519
