  0.000445 0.00174314
  0.001335 0.00522396
  0.002225 0.00870043
  0.003115  0.0121732
  0.004005  0.0156426
  0.004895  0.0191086
  0.005785  0.0225709
  0.006675  0.0260288
0.00756867  0.0294957
0.00852095  0.0331828
0.00958982  0.0373102
 0.0107896  0.0419251
 0.0121362  0.0470766
 0.0136477  0.0528131
 0.0153442  0.0591797
 0.0172484  0.0662122
 0.0193858    0.07393
 0.0217849  0.0823267
 0.0244777  0.0913575
 0.0275001   0.100927
 0.0308926   0.110878
 0.0347005   0.120983
 0.0389746   0.130948
 0.0437719   0.140422
 0.0491566   0.149028
 0.0552005   0.156395
 0.0619844     0.1622
 0.0695988   0.166206
 0.0781455   0.168286
 0.0877386   0.168427
 0.0985062   0.166731
  0.110592    0.16339
  0.124158   0.158668
  0.139384   0.152868
  0.156474   0.146299
  0.175657   0.139253
  0.197189   0.131992
  0.221357   0.124738
  0.248483   0.117675
  0.278931    0.11094
  0.314615   0.104535
   0.35378  0.0987116
  0.392945   0.093893
   0.43211   0.089667
  0.471275  0.0857721
   0.51044  0.0820455
  0.549604  0.0784431
  0.588769  0.0749576
  0.627934  0.0715456
  0.667099  0.0682224
  0.706264   0.065022
  0.745429  0.0619909
  0.784593   0.059166
  0.823758  0.0565856
  0.862923   0.054341
  0.902088   0.052537
  0.941253  0.0512671
  0.980418   0.050627
   1.01958  0.0506963
   1.05875  0.0514614
   1.09791  0.0528335
   1.13708  0.0547229
   1.17624  0.0570236
   1.21541  0.0596041
   1.25457  0.0623638
   1.29374  0.0652603
    1.3329  0.0682759
   1.37207  0.0713939
   1.41123  0.0746601
    1.4504  0.0780941
   1.48956  0.0816678
   1.52873  0.0853798
   1.56789  0.0892898
   1.60706  0.0935983
   1.64622  0.0986193
   1.68539   0.104664
   1.72107    0.11116
   1.75152   0.117918
   1.77865    0.12503
   1.80281   0.132363
   1.82434   0.139716
   1.84353   0.146876
   1.86062   0.153566
   1.87584   0.159457
   1.88941   0.164224
    1.9015   0.167565
   1.91226   0.169224
   1.92186   0.169014
    1.9304   0.166849
   1.93802   0.162753
    1.9448   0.156867
   1.95084   0.149436
   1.95623   0.140785
   1.96103   0.131282
    1.9653   0.121299
   1.96911   0.111181
    1.9725   0.101218
   1.97552  0.0916345
   1.97822  0.0825876
   1.98061  0.0741728
   1.98275  0.0664356
   1.98466  0.0593835
   1.98635  0.0529975
   1.98786  0.0472425
   1.98921  0.0420738
   1.99041   0.037443
   1.99148  0.0333012
   1.99243   0.029601
   1.99333  0.0261218
   1.99421  0.0226514
    1.9951  0.0191767
     1.996  0.0156982
   1.99689  0.0122163
   1.99777 0.00873112
   1.99867 0.00524231
   1.99956 0.00174923
