  0.000445 1.86274e-06
  0.001335 2.37777e-05
  0.002225 6.62338e-05
  0.003115 0.000129054
  0.004005 0.000210475
  0.004895 0.000309134
  0.005785 0.000423956
  0.006675 0.00055395
0.00756867 0.000698768
0.00852095 0.000867478
0.00958982 0.00107376
 0.0107896 0.00132495
 0.0121362 0.00162947
 0.0136477 0.00199685
 0.0153442 0.00243777
 0.0172484 0.00296394
 0.0193858 0.00358802
 0.0217849 0.00432342
 0.0244777 0.00518403
 0.0275001 0.00618386
 0.0308926 0.00733675
 0.0347005 0.00865591
 0.0389746  0.0101536
 0.0437719  0.0118409
 0.0491566  0.0137268
 0.0552005  0.0158179
 0.0619844  0.0181168
 0.0695988  0.0206199
 0.0781455   0.023315
 0.0877386  0.0261788
 0.0985062  0.0291743
  0.110592  0.0322511
  0.124158   0.035345
  0.139384  0.0383809
  0.156474  0.0412746
  0.175657  0.0439381
  0.197189  0.0462814
  0.221357  0.0482239
  0.248483  0.0496996
  0.278931  0.0506674
  0.314615  0.0510387
   0.35378  0.0507012
  0.392945  0.0499537
   0.43211  0.0490384
  0.471275  0.0480315
   0.51044  0.0470033
  0.549604  0.0459763
  0.588769  0.0449595
  0.627934  0.0439608
  0.667099  0.0429886
  0.706264  0.0420599
  0.745429  0.0411796
  0.784593  0.0403673
  0.823758  0.0396609
  0.862923    0.03908
  0.902088  0.0386349
  0.941253  0.0383302
  0.980418  0.0381683
   1.01958  0.0381492
   1.05875   0.038278
   1.09791  0.0385535
   1.13708   0.038971
   1.17624  0.0395253
   1.21541  0.0402049
   1.25457  0.0409842
   1.29374  0.0418431
    1.3329  0.0427744
   1.37207  0.0437676
   1.41123   0.044812
    1.4504  0.0458817
   1.48956  0.0469573
   1.52873  0.0479958
   1.56789  0.0489639
   1.60706  0.0498043
   1.64622  0.0504375
   1.68539  0.0506775
   1.72107  0.0502704
   1.75152  0.0493007
   1.77865  0.0478216
   1.80281  0.0458791
   1.82434  0.0435456
   1.84353  0.0409042
   1.86062  0.0380451
   1.87584  0.0350539
   1.88941  0.0320088
    1.9015  0.0289796
   1.91226  0.0260263
   1.92186  0.0231981
    1.9304  0.0205313
   1.93802  0.0180502
    1.9448  0.0157683
   1.95084  0.0136903
   1.95623  0.0118145
   1.96103  0.0101351
    1.9653 0.00864353
   1.96911 0.00732899
    1.9725 0.00617952
   1.97552 0.00518211
   1.97822 0.00432317
   1.98061 0.00358883
   1.98275 0.00296537
   1.98466 0.00243952
   1.98635 0.00199871
   1.98786 0.00163129
   1.98921 0.00132665
   1.99041  0.0010753
   1.99148 0.000868844
   1.99243 0.000699954
   1.99333 0.000554953
   1.99421 0.000424771
    1.9951 0.000309763
     1.996 0.000210927
   1.99689 0.000129346
   1.99777 6.63921e-05
   1.99867 2.38386e-05
   1.99956 1.86863e-06
