  0.000445 0.00090504
  0.001335  0.0026508
  0.002225 0.00433515
  0.003115 0.00596062
  0.004005 0.00752963
  0.004895 0.00904443
  0.005785  0.0105072
  0.006675  0.0119198
0.00756867  0.0132899
0.00852095  0.0146999
0.00958982  0.0162221
 0.0107896  0.0178581
 0.0121362  0.0196074
 0.0136477  0.0214678
 0.0153442  0.0234342
 0.0172484  0.0254994
 0.0193858  0.0276533
 0.0217849  0.0298841
 0.0244777  0.0321785
 0.0275001  0.0345231
 0.0308926  0.0369054
 0.0347005  0.0393155
 0.0389746  0.0417458
 0.0437719  0.0441902
 0.0491566   0.046642
 0.0552005  0.0490895
 0.0619844  0.0515125
 0.0695988  0.0538802
 0.0781455  0.0561516
 0.0877386  0.0582792
 0.0985062  0.0602167
  0.110592  0.0619298
  0.124158  0.0634061
  0.139384  0.0646519
  0.156474  0.0656746
  0.175657  0.0664629
  0.197189  0.0669739
  0.221357  0.0671543
  0.248483  0.0669696
  0.278931  0.0664041
  0.314615  0.0654325
   0.35378  0.0637213
  0.392945  0.0619433
   0.43211  0.0601257
  0.471275  0.0582038
   0.51044  0.0561929
  0.549604  0.0541289
  0.588769  0.0520823
  0.627934  0.0501151
  0.667099  0.0481906
  0.706264  0.0463346
  0.745429  0.0446341
  0.784593  0.0431037
  0.823758   0.041744
  0.862923  0.0406032
  0.902088  0.0397241
  0.941253  0.0391407
  0.980418  0.0388698
   1.01958  0.0389081
   1.05875   0.039233
   1.09791  0.0398446
   1.13708  0.0407222
   1.17624  0.0418194
   1.21541  0.0431087
   1.25457  0.0445926
   1.29374  0.0462629
    1.3329  0.0480585
   1.37207  0.0498984
   1.41123  0.0517485
    1.4504   0.053624
   1.48956   0.055528
   1.52873  0.0575024
   1.56789  0.0595248
   1.60706  0.0613968
   1.64622  0.0630533
   1.68539  0.0645239
   1.72107  0.0653523
   1.75152  0.0658479
   1.77865  0.0659833
   1.80281  0.0658303
   1.82434  0.0654414
   1.84353  0.0648368
   1.86062  0.0640021
   1.87584   0.062909
   1.88941  0.0615459
    1.9015  0.0599166
   1.91226  0.0580411
   1.92186  0.0559547
    1.9304  0.0537052
   1.93802  0.0513455
    1.9448  0.0489235
   1.95084  0.0464757
   1.95623  0.0440253
   1.96103  0.0415848
    1.9653  0.0391611
   1.96911  0.0367596
    1.9725   0.034387
   1.97552   0.032053
   1.97822  0.0297693
   1.98061  0.0275489
   1.98275   0.025405
   1.98466  0.0233492
   1.98635  0.0213915
   1.98786  0.0195392
   1.98921  0.0177971
   1.99041  0.0161678
   1.99148  0.0146516
   1.99243  0.0132469
   1.99333  0.0118819
   1.99421  0.0104743
    1.9951 0.00901665
     1.996 0.00750692
   1.99689 0.00594299
   1.99777 0.00432258
   1.99867 0.00264329
   1.99956 0.000902549
