  0.000445 9.38697e-10
  0.001335 1.23947e-08
  0.002225 4.78258e-08
  0.003115 1.13398e-07
  0.004005 2.09751e-07
  0.004895 3.35309e-07
  0.005785 4.87446e-07
  0.006675 6.6884e-07
0.00756867 9.84466e-07
0.00852095 1.4411e-06
0.00958982 1.9611e-06
 0.0107896 2.6427e-06
 0.0121362 3.52469e-06
 0.0136477 4.64891e-06
 0.0153442 6.05527e-06
 0.0172484 7.77095e-06
 0.0193858 9.79425e-06
 0.0217849 1.20764e-05
 0.0244777 1.4513e-05
 0.0275001 1.69762e-05
 0.0308926 1.93532e-05
 0.0347005 2.15683e-05
 0.0389746 2.35659e-05
 0.0437719 2.52662e-05
 0.0491566 2.65104e-05
 0.0552005 2.70134e-05
 0.0619844 2.63747e-05
 0.0695988 2.41897e-05
 0.0781455 2.02593e-05
 0.0877386 1.47701e-05
 0.0985062 8.06354e-06
  0.110592 8.22047e-07
  0.124158 -6.17119e-06
  0.139384 -1.23679e-05
  0.156474 -1.75677e-05
  0.175657 -2.15911e-05
  0.197189 -2.38607e-05
  0.221357 -2.42373e-05
  0.248483 -2.4051e-05
  0.278931 -2.64628e-05
  0.314615 -1.66412e-05
   0.35378 -1.47242e-05
  0.392945 -1.14156e-05
   0.43211 -9.20299e-06
  0.471275 -7.28986e-06
   0.51044 -5.78469e-06
  0.549604 -4.49816e-06
  0.588769 -3.48872e-06
  0.627934 -2.75086e-06
  0.667099 -2.1418e-06
  0.706264 -1.58783e-06
  0.745429 -1.18044e-06
  0.784593 -8.40342e-07
  0.823758 -5.21646e-07
  0.862923 -3.08436e-07
  0.902088 -1.47512e-07
  0.941253 -3.03506e-08
  0.980418 4.5845e-08
   1.01958 3.6798e-08
   1.05875 -3.61485e-08
   1.09791 -1.57523e-07
   1.13708 -3.32142e-07
   1.17624 -5.75523e-07
   1.21541 -8.66202e-07
   1.25457 -1.17583e-06
   1.29374 -1.57291e-06
    1.3329 -2.08095e-06
   1.37207 -2.60338e-06
   1.41123 -3.29456e-06
    1.4504 -4.2494e-06
   1.48956 -5.38796e-06
   1.52873 -6.86204e-06
   1.56789 -8.99512e-06
   1.60706 -1.14316e-05
   1.64622 -1.46997e-05
   1.68539 -1.61652e-05
   1.72107 -2.58842e-05
   1.75152 -2.34921e-05
   1.77865 -2.34367e-05
   1.80281 -2.2546e-05
   1.82434 -2.0338e-05
   1.84353 -1.68396e-05
   1.86062 -1.22936e-05
   1.87584 -6.45325e-06
   1.88941 5.33138e-07
    1.9015 7.91064e-06
   1.91226 1.48416e-05
   1.92186 2.05672e-05
    1.9304 2.46425e-05
   1.93802 2.69506e-05
    1.9448  2.768e-05
   1.95084 2.71895e-05
   1.95623 2.59072e-05
   1.96103 2.41883e-05
    1.9653 2.22142e-05
   1.96911 2.00298e-05
    1.9725 1.76438e-05
   1.97552 1.51255e-05
   1.97822 1.25975e-05
   1.98061 1.02082e-05
   1.98275 8.08814e-06
   1.98466 6.2964e-06
   1.98635 4.83251e-06
   1.98786 3.66424e-06
   1.98921 2.74832e-06
   1.99041 2.04046e-06
   1.99148 1.50018e-06
   1.99243 1.02475e-06
   1.99333 6.95826e-07
   1.99421 5.0732e-07
    1.9951 3.49126e-07
     1.996 2.18475e-07
   1.99689 1.18146e-07
   1.99777 4.98316e-08
   1.99867 1.29158e-08
   1.99956 9.79395e-10
