  0.000445 0.00672786
  0.001335 0.00656423
  0.002225  0.0064183
  0.003115 0.00628588
  0.004005 0.00616322
  0.004895 0.00604676
  0.005785 0.00593311
  0.006675 0.00581929
0.00756867 0.00570198
0.00852095 0.00557101
0.00958982 0.00541327
 0.0107896 0.00521882
 0.0121362 0.00497465
 0.0136477 0.00466453
 0.0153442 0.00426954
 0.0172484 0.00376989
 0.0193858 0.00314866
 0.0217849 0.00239756
 0.0244777 0.00152445
 0.0275001 0.000560689
 0.0308926 -0.000434629
 0.0347005 -0.00137757
 0.0389746 -0.00217194
 0.0437719 -0.00273076
 0.0491566 -0.00300045
 0.0552005  -0.002978
 0.0619844 -0.00271269
 0.0695988 -0.00229033
 0.0781455 -0.00180701
 0.0877386 -0.00134343
 0.0985062 -0.000950338
  0.110592 -0.000649695
  0.124158 -0.000443507
  0.139384 -0.000318651
  0.156474 -0.000251732
  0.175657 -0.000219998
  0.197189 -0.00020493
  0.221357 -0.000194361
  0.248483 -0.000185217
  0.278931 -0.000186489
  0.314615 -0.000138252
   0.35378 -0.000124968
  0.392945 -0.000102134
   0.43211 -8.5545e-05
  0.471275 -7.0952e-05
   0.51044 -5.79492e-05
  0.549604 -4.66702e-05
  0.588769 -3.83322e-05
  0.627934 -3.17645e-05
  0.667099 -2.55018e-05
  0.706264 -1.96558e-05
  0.745429 -1.57333e-05
  0.784593 -1.25014e-05
  0.823758 -8.9464e-06
  0.862923 -6.14255e-06
  0.902088 -4.11614e-06
  0.941253 -2.56813e-06
  0.980418 -1.56607e-06
   1.01958 -1.85437e-06
   1.05875 -2.89908e-06
   1.09791 -4.36818e-06
   1.13708 -6.61852e-06
   1.17624 -9.67938e-06
   1.21541 -1.28945e-05
   1.25457 -1.6121e-05
   1.29374 -2.02393e-05
    1.3329 -2.55531e-05
   1.37207 -3.03254e-05
   1.41123 -3.62414e-05
    1.4504 -4.47614e-05
   1.48956 -5.49464e-05
   1.52873 -6.75131e-05
   1.56789 -8.38837e-05
   1.60706 -0.000101098
   1.64622 -0.000124421
   1.68539 -0.000136863
   1.72107 -0.000183409
   1.75152 -0.000178726
   1.77865 -0.000184026
   1.80281 -0.000192724
   1.82434 -0.000206136
   1.84353 -0.000241501
   1.86062 -0.000319575
   1.87584 -0.000454884
   1.88941 -0.000667868
    1.9015 -0.000974534
   1.91226 -0.00137305
   1.92186 -0.00183729
    1.9304 -0.00231267
   1.93802 -0.00272003
    1.9448 -0.00296914
   1.95084 -0.00298026
   1.95623 -0.00270766
   1.96103 -0.00215411
    1.9653 -0.00136973
   1.96911 -0.000436836
    1.9725 0.000551973
   1.97552 0.00151418
   1.97822 0.00239016
   1.98061 0.00314697
   1.98275 0.00377506
   1.98466  0.0042814
   1.98635  0.0046822
   1.98786 0.00499695
   1.98921  0.0052446
   1.99041 0.00544153
   1.99148 0.00560096
   1.99243 0.00573301
   1.99333   0.005851
   1.99421 0.00596518
    1.9951 0.00607892
     1.996 0.00619524
   1.99689 0.00631756
   1.99777 0.00644949
   1.99867 0.00659482
   1.99956 0.00675781
