  0.000445 -0.0196834
  0.001335 -0.0187856
  0.002225 -0.0180296
  0.003115 -0.0172373
  0.004005 -0.0163205
  0.004895 -0.0152747
  0.005785 -0.0141655
  0.006675 -0.0130935
0.00756867 -0.0121445
0.00852095 -0.0113121
0.00958982 -0.0106401
 0.0107896 -0.0101503
 0.0121362 -0.00979699
 0.0136477 -0.00948411
 0.0153442 -0.0091072
 0.0172484 -0.00859677
 0.0193858 -0.0079382
 0.0217849 -0.00716349
 0.0244777 -0.00632826
 0.0275001 -0.00548995
 0.0308926 -0.00469441
 0.0347005 -0.00397173
 0.0389746 -0.00333686
 0.0437719 -0.00279182
 0.0491566 -0.00233182
 0.0552005 -0.00194899
 0.0619844 -0.00163273
 0.0695988 -0.00137212
 0.0781455 -0.00115744
 0.0877386 -0.000980367
 0.0985062 -0.000833377
  0.110592 -0.000710337
  0.124158 -0.000607266
  0.139384 -0.000520617
  0.156474 -0.000447653
  0.175657 -0.000385731
  0.197189 -0.000332543
  0.221357 -0.000286755
  0.248483 -0.000247543
  0.278931 -0.000211271
  0.314615 -0.000179509
   0.35378 -0.000158249
  0.392945 -0.000143157
   0.43211 -0.000130033
  0.471275 -0.000118187
   0.51044 -0.000107177
  0.549604 -9.709e-05
  0.588769 -8.753e-05
  0.627934 -7.86331e-05
  0.667099 -7.06464e-05
  0.706264 -6.33624e-05
  0.745429 -5.68551e-05
  0.784593 -5.09707e-05
  0.823758 -4.58778e-05
  0.862923 -4.1678e-05
  0.902088 -3.84781e-05
  0.941253 -3.6369e-05
  0.980418 -3.52378e-05
   1.01958 -3.51555e-05
   1.05875 -3.62874e-05
   1.09791 -3.84741e-05
   1.13708 -4.16367e-05
   1.17624 -4.58432e-05
   1.21541 -5.09972e-05
   1.25457 -5.68822e-05
   1.29374 -6.35871e-05
    1.3329 -7.10513e-05
   1.37207 -7.91331e-05
   1.41123 -8.77954e-05
    1.4504 -9.71594e-05
   1.48956 -0.000107197
   1.52873 -0.000118328
   1.56789 -0.000130591
   1.60706 -0.000144182
   1.64622 -0.000159243
   1.68539 -0.000180576
   1.72107 -0.00021204
   1.75152 -0.000248334
   1.77865 -0.000287494
   1.80281 -0.000332704
   1.82434 -0.000385584
   1.84353 -0.000447513
   1.86062 -0.000520827
   1.87584 -0.000607637
   1.88941 -0.000710488
    1.9015 -0.000833415
   1.91226 -0.000980921
   1.92186 -0.00115834
    1.9304 -0.00137319
   1.93802 -0.00163379
    1.9448 -0.00194998
   1.95084 -0.0023328
   1.95623 -0.00279239
   1.96103 -0.00333717
    1.9653 -0.0039721
   1.96911 -0.00469512
    1.9725 -0.00549212
   1.97552 -0.00633337
   1.97822 -0.00717227
   1.98061 -0.0079501
   1.98275 -0.00860976
   1.98466 -0.00911867
   1.98635 -0.00949224
   1.98786 -0.00980117
   1.98921 -0.0101507
   1.99041 -0.0106373
   1.99148 -0.0113068
   1.99243 -0.0121375
   1.99333 -0.0130853
   1.99421 -0.0141569
    1.9951 -0.0152664
     1.996  -0.016313
   1.99689  -0.017231
   1.99777 -0.0180245
   1.99867 -0.0187814
   1.99956 -0.0196799
