  0.000445 -0.0198136
  0.001335 -0.0188959
  0.002225 -0.0181133
  0.003115 -0.0172914
  0.004005 -0.0163452
  0.004895 -0.0152723
  0.005785 -0.0141399
  0.006675 -0.0130496
0.00756867 -0.0120874
0.00852095  -0.011246
0.00958982 -0.0105694
 0.0107896 -0.0100795
 0.0121362 -0.00973016
 0.0136477 -0.00942469
 0.0153442 -0.00905784
 0.0172484 -0.00855936
 0.0193858 -0.00791382
 0.0217849 -0.00715247
 0.0244777 -0.00633041
 0.0275001 -0.00550441
 0.0308926 -0.00471933
 0.0347005 -0.00400424
 0.0389746 -0.00337364
 0.0437719 -0.00283004
 0.0491566 -0.00236889
 0.0552005 -0.00198245
 0.0619844 -0.0016613
 0.0695988 -0.00139519
 0.0781455 -0.00117492
 0.0877386 -0.000992689
 0.0985062 -0.000841383
  0.110592 -0.000715358
  0.124158 -0.000610422
  0.139384 -0.000522534
  0.156474 -0.000448627
  0.175657 -0.000386117
  0.197189 -0.00033258
  0.221357 -0.000286635
  0.248483 -0.000247114
  0.278931 -0.000210536
  0.314615 -0.000178677
   0.35378 -0.000157468
  0.392945 -0.000142553
   0.43211 -0.000129345
  0.471275 -0.000117498
   0.51044 -0.000106565
  0.549604 -9.65427e-05
  0.588769 -8.72975e-05
  0.627934 -7.86342e-05
  0.667099 -7.0637e-05
  0.706264 -6.32608e-05
  0.745429 -5.66674e-05
  0.784593 -5.08004e-05
  0.823758 -4.57476e-05
  0.862923 -4.16127e-05
  0.902088 -3.84265e-05
  0.941253 -3.62694e-05
  0.980418 -3.51324e-05
   1.01958 -3.51072e-05
   1.05875 -3.62422e-05
   1.09791 -3.84129e-05
   1.13708 -4.15912e-05
   1.17624 -4.57676e-05
   1.21541 -5.08316e-05
   1.25457 -5.66802e-05
   1.29374 -6.32999e-05
    1.3329 -7.06189e-05
   1.37207 -7.85701e-05
   1.41123 -8.71856e-05
    1.4504 -9.65174e-05
   1.48956 -0.000106423
   1.52873 -0.000117426
   1.56789 -0.000129581
   1.60706 -0.00014297
   1.64622 -0.00015803
   1.68539 -0.000179474
   1.72107 -0.000211295
   1.75152 -0.000247823
   1.77865 -0.000287291
   1.80281 -0.000332863
   1.82434 -0.0003861
   1.84353 -0.000448529
   1.86062 -0.000522617
   1.87584 -0.000610648
   1.88941 -0.000715475
    1.9015 -0.000841038
   1.91226 -0.00099219
   1.92186 -0.00117457
    1.9304 -0.00139507
   1.93802 -0.00166148
    1.9448 -0.00198283
   1.95084 -0.00236945
   1.95623 -0.00283097
   1.96103 -0.00337509
    1.9653 -0.00400629
   1.96911 -0.00472252
    1.9725 -0.00550973
   1.97552 -0.00633859
   1.97822 -0.00716361
   1.98061 -0.00792716
   1.98275 -0.00857316
   1.98466 -0.00906998
   1.98635 -0.00943361
   1.98786 -0.0097351
   1.98921 -0.0100801
   1.99041 -0.0105658
   1.99148 -0.0112383
   1.99243 -0.0120757
   1.99333  -0.013034
   1.99421 -0.0141203
    1.9951 -0.0152488
     1.996  -0.016318
   1.99689  -0.017261
   1.99777 -0.0180805
   1.99867 -0.0188614
   1.99956  -0.019778
