  0.000445 -1.3182e-07
  0.001335 -2.22736e-06
  0.002225 -7.69544e-06
  0.003115 -1.66693e-05
  0.004005 -2.85527e-05
  0.004895 -4.27825e-05
  0.005785 -5.96679e-05
  0.006675 -8.10143e-05
0.00756867 -0.000110449
0.00852095 -0.00016372
0.00958982 -0.000245182
 0.0107896 -0.000359272
 0.0121362 -0.000501206
 0.0136477 -0.000656363
 0.0153442 -0.000805794
 0.0172484 -0.000934254
 0.0193858 -0.00103427
 0.0217849 -0.00110528
 0.0244777 -0.00115036
 0.0275001 -0.00117297
 0.0308926 -0.00117602
 0.0347005 -0.00116212
 0.0389746 -0.00113339
 0.0437719 -0.00109163
 0.0491566 -0.00103901
 0.0552005 -0.000977771
 0.0619844 -0.000910503
 0.0695988 -0.00083949
 0.0781455 -0.000767568
 0.0877386 -0.000696402
 0.0985062 -0.000627545
  0.110592 -0.000562173
  0.124158 -0.000501488
  0.139384 -0.000446116
  0.156474 -0.000396217
  0.175657 -0.000351389
  0.197189 -0.000311157
  0.221357 -0.000275119
  0.248483 -0.00024328
  0.278931 -0.000211571
  0.314615 -0.000192775
   0.35378 -0.000161176
  0.392945 -0.000139355
   0.43211 -0.000121013
  0.471275 -0.000105117
   0.51044 -9.11242e-05
  0.549604 -7.87678e-05
  0.588769 -6.75683e-05
  0.627934 -5.77082e-05
  0.667099 -4.92374e-05
  0.706264 -4.19123e-05
  0.745429 -3.56661e-05
  0.784593 -3.03024e-05
  0.823758 -2.58948e-05
  0.862923 -2.24288e-05
  0.902088 -1.98725e-05
  0.941253 -1.82291e-05
  0.980418 -1.73689e-05
   1.01958 -1.73268e-05
   1.05875 -1.81696e-05
   1.09791 -1.98756e-05
   1.13708 -2.24244e-05
   1.17624 -2.59409e-05
   1.21541 -3.04143e-05
   1.25457 -3.57667e-05
   1.29374 -4.21794e-05
    1.3329 -4.96712e-05
   1.37207 -5.8246e-05
   1.41123 -6.78133e-05
    1.4504 -7.86983e-05
   1.48956 -9.10945e-05
   1.52873 -0.000105281
   1.56789 -0.000121754
   1.60706 -0.000140731
   1.64622 -0.000162656
   1.68539 -0.000194281
   1.72107 -0.000212469
   1.75152 -0.000244344
   1.77865 -0.000276252
   1.80281 -0.000311654
   1.82434 -0.0003513
   1.84353 -0.000395922
   1.86062 -0.000445979
   1.87584 -0.000501489
   1.88941 -0.000562056
    1.9015 -0.000627173
   1.91226 -0.00069622
   1.92186 -0.000767853
    1.9304 -0.00084024
   1.93802 -0.000911133
    1.9448 -0.00097852
   1.95084 -0.00103986
   1.95623 -0.00109266
   1.96103 -0.00113438
    1.9653 -0.00116291
   1.96911 -0.0011767
    1.9725 -0.00117384
   1.97552 -0.00115173
   1.97822 -0.00110704
   1.98061 -0.00103622
   1.98275 -0.000936284
   1.98466 -0.000807673
   1.98635 -0.000657841
   1.98786 -0.000502056
   1.98921 -0.000359477
   1.99041 -0.00024503
   1.99148 -0.000163497
   1.99243 -0.000110297
   1.99333 -8.09469e-05
   1.99421 -5.96427e-05
    1.9951 -4.27779e-05
     1.996 -2.85546e-05
   1.99689 -1.6671e-05
   1.99777 -7.69413e-06
   1.99867 -2.22575e-06
   1.99956 -1.31601e-07
