  0.000445 4.04017e-05
  0.001335 0.000349984
  0.002225 0.000945254
  0.003115 0.00179903
  0.004005 0.00287286
  0.004895 0.00411411
  0.005785 0.00545841
  0.006675 0.00683651
0.00756867 0.00818867
0.00852095  0.0095407
0.00958982  0.0108831
 0.0107896   0.012127
 0.0121362  0.0131824
 0.0136477   0.013976
 0.0153442  0.0144663
 0.0172484  0.0146493
 0.0193858   0.014554
 0.0217849  0.0142304
 0.0244777  0.0137366
 0.0275001  0.0131283
 0.0308926  0.0124528
 0.0347005  0.0117478
 0.0389746  0.0110417
 0.0437719  0.0103557
 0.0491566   0.009705
 0.0552005 0.00909918
 0.0619844 0.00854414
 0.0695988 0.00804413
 0.0781455 0.00760049
 0.0877386 0.00721077
 0.0985062 0.00686988
  0.110592 0.00657125
  0.124158 0.00630669
  0.139384 0.00607106
  0.156474 0.00585852
  0.175657 0.00565944
  0.197189 0.00546986
  0.221357  0.0052843
  0.248483 0.00509524
  0.278931 0.00489085
  0.314615 0.00466516
   0.35378 0.00441327
  0.392945 0.00416453
   0.43211 0.00391303
  0.471275  0.0036563
   0.51044 0.00340472
  0.549604 0.00315066
  0.588769 0.00290158
  0.627934 0.00266139
  0.667099 0.00243242
  0.706264  0.0022135
  0.745429 0.00200955
  0.784593  0.0018243
  0.823758 0.00165962
  0.862923 0.00152102
  0.902088 0.00141393
  0.941253 0.00134014
  0.980418 0.00130222
   1.01958 0.00130105
   1.05875 0.00133811
   1.09791 0.00141272
   1.13708 0.00152277
   1.17624 0.00166478
   1.21541 0.00183125
   1.25457  0.0020201
   1.29374 0.00222566
    1.3329 0.00244399
   1.37207 0.00267236
   1.41123 0.00290767
    1.4504 0.00314836
   1.48956 0.00339446
   1.52873 0.00364264
   1.56789  0.0038946
   1.60706 0.00414422
   1.64622 0.00439176
   1.68539 0.00463997
   1.72107 0.00486737
   1.75152   0.005073
   1.77865 0.00526701
   1.80281 0.00545415
   1.82434  0.0056449
   1.84353 0.00584625
   1.86062 0.00606111
   1.87584 0.00629752
   1.88941 0.00656348
    1.9015 0.00686555
   1.91226 0.00721025
   1.92186 0.00760261
    1.9304 0.00804621
   1.93802 0.00854391
    1.9448 0.00909582
   1.95084 0.00969878
   1.95623  0.0103468
   1.96103    0.01103
    1.9653  0.0117332
   1.96911  0.0124351
    1.9725  0.0131073
   1.97552  0.0137124
   1.97822  0.0142035
   1.98061  0.0145253
   1.98275  0.0146203
   1.98466  0.0144381
   1.98635  0.0139494
   1.98786  0.0131579
   1.98921  0.0121049
   1.99041  0.0108636
   1.99148  0.0095237
   1.99243 0.00817409
   1.99333 0.00682429
   1.99421 0.00544859
    1.9951 0.00410666
     1.996 0.00286763
   1.99689 0.00179574
   1.99777 0.000943533
   1.99867 0.000349352
   1.99956 4.03303e-05
