  0.000445 2.24654e-06
  0.001335 8.78606e-05
  0.002225 0.000419183
  0.003115 0.00115454
  0.004005 0.00239636
  0.004895 0.00416597
  0.005785 0.00639214
  0.006675 0.00892275
0.00756867    0.01157
0.00852095  0.0142782
0.00958982  0.0169392
 0.0107896  0.0192423
 0.0121362  0.0208761
 0.0136477  0.0216223
 0.0153442  0.0214222
 0.0172484   0.020385
 0.0193858   0.018736
 0.0217849   0.016737
 0.0244777  0.0146203
 0.0275001  0.0125558
 0.0308926  0.0106484
 0.0347005 0.00895173
 0.0389746 0.00748326
 0.0437719 0.00623786
 0.0491566 0.00519832
 0.0552005 0.00434179
 0.0619844 0.00364411
 0.0695988 0.00308105
 0.0781455 0.00262878
 0.0877386 0.00226607
 0.0985062  0.0019729
  0.110592 0.00173217
  0.124158 0.00153117
  0.139384 0.00136076
  0.156474 0.00121518
  0.175657 0.00108966
  0.197189 0.000977583
  0.221357 0.000879962
  0.248483 0.000788798
  0.278931 0.00070844
  0.314615 0.000634843
   0.35378 0.000551564
  0.392945 0.000474651
   0.43211 0.000410759
  0.471275 0.000352299
   0.51044 0.000302533
  0.549604 0.000258298
  0.588769 0.000218746
  0.627934 0.000181581
  0.667099 0.000148383
  0.706264 0.000118255
  0.745429 9.11811e-05
  0.784593 6.67622e-05
  0.823758 4.57829e-05
  0.862923 2.85482e-05
  0.902088 1.52762e-05
  0.941253 5.87148e-06
  0.980418 9.13644e-07
   1.01958 7.47278e-07
   1.05875 5.46921e-06
   1.09791 1.48504e-05
   1.13708 2.82606e-05
   1.17624 4.54708e-05
   1.21541 6.63975e-05
   1.25457 9.07862e-05
   1.29374 0.000118319
    1.3329 0.00014849
   1.37207 0.000181722
   1.41123 0.000218823
    1.4504 0.000258382
   1.48956 0.000303037
   1.52873 0.000353956
   1.56789 0.000411859
   1.60706 0.00047643
   1.64622 0.000553785
   1.68539 0.000636917
   1.72107 0.000707809
   1.75152 0.000785029
   1.77865 0.000874367
   1.80281 0.000971582
   1.82434 0.00108485
   1.84353 0.00121294
   1.86062 0.00136239
   1.87584 0.00153494
   1.88941 0.00173633
    1.9015 0.00197761
   1.91226 0.00227243
   1.92186 0.00263661
    1.9304 0.00308995
   1.93802 0.00365318
    1.9448 0.00434958
   1.95084  0.0052048
   1.95623 0.00624364
   1.96103 0.00748899
    1.9653 0.00895862
   1.96911  0.0106572
    1.9725  0.0125664
   1.97552  0.0146321
   1.97822  0.0167488
   1.98061  0.0187467
   1.98275  0.0203942
   1.98466  0.0214297
   1.98635  0.0216284
   1.98786  0.0208807
   1.98921  0.0192454
   1.99041  0.0169409
   1.99148  0.0142786
   1.99243  0.0115694
   1.99333 0.00892154
   1.99421 0.00639067
    1.9951 0.00416461
     1.996 0.00239536
   1.99689 0.00115396
   1.99777 0.000418938
   1.99867 8.78036e-05
   1.99956 2.24525e-06
