  0.000445 1.17205e-05
  0.001335 0.000147825
  0.002225 0.000592834
  0.003115 0.00144719
  0.004005 0.00266678
  0.004895 0.00404249
  0.005785 0.00526446
  0.006675 0.00603807
0.00756867 0.00618125
0.00852095 0.00561392
0.00958982 0.00426688
 0.0107896 0.00225537
 0.0121362 -8.87448e-05
 0.0136477 -0.00231257
 0.0153442 -0.00400379
 0.0172484 -0.00493039
 0.0193858 -0.00508608
 0.0217849 -0.00463714
 0.0244777 -0.00382318
 0.0275001 -0.00287111
 0.0308926 -0.0019497
 0.0347005 -0.00116164
 0.0389746 -0.000552783
 0.0437719 -0.000124439
 0.0491566 0.000147945
 0.0552005 0.000297272
 0.0619844 0.000357762
 0.0695988 0.000363463
 0.0781455 0.000340497
 0.0877386 0.000303549
 0.0985062 0.000259545
  0.110592 0.000213416
  0.124158 0.000164458
  0.139384 0.000117206
  0.156474 7.45011e-05
  0.175657 3.44406e-05
  0.197189 2.5169e-06
  0.221357 -2.33796e-05
  0.248483 -4.04134e-05
  0.278931 -5.53843e-05
  0.314615 -7.28459e-05
   0.35378 -6.59632e-05
  0.392945 -5.21408e-05
   0.43211 -3.92452e-05
  0.471275 -2.6476e-05
   0.51044 -1.16385e-05
  0.549604 4.91938e-07
  0.588769 7.70961e-06
  0.627934 1.58354e-05
  0.667099 2.36939e-05
  0.706264 3.24745e-05
  0.745429 4.06986e-05
  0.784593 4.90759e-05
  0.823758 5.61546e-05
  0.862923 6.25416e-05
  0.902088 6.82364e-05
  0.941253 7.24364e-05
  0.980418 7.47589e-05
   1.01958 7.46588e-05
   1.05875 7.23241e-05
   1.09791 6.79579e-05
   1.13708 6.28407e-05
   1.17624 5.65087e-05
   1.21541 4.91033e-05
   1.25457 4.17202e-05
   1.29374 3.40069e-05
    1.3329 2.48407e-05
   1.37207 1.6311e-05
   1.41123 5.75806e-06
    1.4504 -5.24555e-06
   1.48956 -1.7104e-05
   1.52873 -3.10364e-05
   1.56789 -4.22839e-05
   1.60706 -5.37105e-05
   1.64622 -6.66536e-05
   1.68539 -7.27665e-05
   1.72107 -4.97315e-05
   1.75152 -3.29805e-05
   1.77865 -1.36417e-05
   1.80281 1.08255e-05
   1.82434 4.0823e-05
   1.84353 7.72074e-05
   1.86062 0.000115549
   1.87584 0.000158579
   1.88941 0.000205845
    1.9015 0.000252796
   1.91226 0.000296261
   1.92186 0.000332694
    1.9304 0.000353754
   1.93802 0.000347298
    1.9448 0.000289127
   1.95084 0.000145093
   1.95623 -0.000121634
   1.96103 -0.00054703
    1.9653 -0.00115444
   1.96911 -0.00194222
    1.9725 -0.00286484
   1.97552 -0.00381915
   1.97822 -0.00463591
   1.98061 -0.00508777
   1.98275 -0.00493428
   1.98466 -0.0040089
   1.98635 -0.00231864
   1.98786 -9.63973e-05
   1.98921 0.00224547
   1.99041 0.00425456
   1.99148 0.00559956
   1.99243 0.00616585
   1.99333 0.00602284
   1.99421 0.00525084
    1.9951 0.00403175
     1.996 0.00265955
   1.99689 0.00144323
   1.99777 0.000591212
   1.99867 0.000147432
   1.99956 1.16956e-05
