  0.000445  0.0190234
  0.001335  0.0570226
  0.002225  0.0948994
  0.003115   0.132507
  0.004005   0.169636
  0.004895   0.206033
  0.005785   0.241424
  0.006675   0.275547
0.00756867   0.308306
0.00852095   0.341399
0.00958982   0.376078
 0.0107896   0.411796
 0.0121362     0.4479
 0.0136477   0.483694
 0.0153442    0.51852
 0.0172484   0.551836
 0.0193858   0.583257
 0.0217849   0.612566
 0.0244777    0.63969
 0.0275001   0.664663
 0.0308926   0.687585
 0.0347005   0.708601
 0.0389746    0.72788
 0.0437719   0.745605
 0.0491566   0.761961
 0.0552005   0.777139
 0.0619844   0.791329
 0.0695988   0.804725
 0.0781455   0.817517
 0.0877386   0.829887
 0.0985062   0.842008
  0.110592   0.854023
  0.124158   0.866051
  0.139384     0.8782
  0.156474   0.890551
  0.175657   0.903214
  0.197189   0.916262
  0.221357   0.929757
  0.248483   0.943829
  0.278931   0.958441
  0.314615   0.974533
   0.35378    0.99099
  0.392945    1.00603
   0.43211    1.01993
  0.471275    1.03275
   0.51044     1.0446
  0.549604    1.05559
  0.588769    1.06584
  0.627934    1.07528
  0.667099    1.08392
  0.706264    1.09178
  0.745429    1.09883
  0.784593    1.10501
  0.823758    1.11027
  0.862923    1.11458
  0.902088    1.11793
  0.941253    1.12027
  0.980418    1.12151
   1.01958    1.12156
   1.05875    1.12048
   1.09791    1.11825
   1.13708    1.11495
   1.17624    1.11067
   1.21541    1.10544
   1.25457    1.09931
   1.29374    1.09229
    1.3329    1.08444
   1.37207    1.07583
   1.41123    1.06641
    1.4504    1.05618
   1.48956     1.0452
   1.52873    1.03332
   1.56789    1.02047
   1.60706    1.00654
   1.64622    0.99145
   1.68539   0.974875
   1.72107   0.958743
   1.75152   0.944167
   1.77865   0.930168
   1.80281   0.916765
   1.82434   0.903786
   1.84353   0.891171
   1.86062   0.878819
   1.87584   0.866645
   1.88941   0.854582
    1.9015   0.842539
   1.91226   0.830387
   1.92186   0.817978
    1.9304   0.805148
   1.93802   0.791712
    1.9448    0.77749
   1.95084    0.76229
   1.95623   0.745915
   1.96103   0.728177
    1.9653   0.708882
   1.96911   0.687848
    1.9725   0.664904
   1.97552   0.639907
   1.97822   0.612757
   1.98061   0.583423
   1.98275   0.551981
   1.98466   0.518647
   1.98635   0.483805
   1.98786   0.447999
   1.98921   0.411884
   1.99041   0.376155
   1.99148   0.341467
   1.99243   0.308366
   1.99333   0.275599
   1.99421   0.241468
    1.9951   0.206069
     1.996   0.169666
   1.99689    0.13253
   1.99777  0.0949155
   1.99867  0.0570322
   1.99956  0.0190266
