  0.000445 -5.25311e-08
  0.001335 -2.05943e-06
  0.002225 -9.87692e-06
  0.003115 -2.74772e-05
  0.004005 -5.79743e-05
  0.004895 -0.000103232
  0.005785 -0.000163589
  0.006675 -0.000237833
0.00756867 -0.00032392
0.00852095 -0.000424832
0.00958982 -0.000544379
 0.0107896 -0.000680003
 0.0121362 -0.000826788
 0.0136477 -0.000978086
 0.0153442 -0.00112669
 0.0172484 -0.00126617
 0.0193858 -0.00139191
 0.0217849 -0.00150148
 0.0244777 -0.00159439
 0.0275001 -0.00167147
 0.0308926 -0.0017342
 0.0347005 -0.00178423
 0.0389746 -0.0018231
 0.0437719 -0.00185218
 0.0491566 -0.00187262
 0.0552005 -0.00188533
 0.0619844 -0.00189115
 0.0695988 -0.00189077
 0.0781455 -0.00188489
 0.0877386 -0.00187406
 0.0985062 -0.00185862
  0.110592 -0.00183911
  0.124158 -0.00181533
  0.139384 -0.00178748
  0.156474 -0.00175546
  0.175657 -0.00171887
  0.197189 -0.00167748
  0.221357 -0.00163109
  0.248483 -0.00157817
  0.278931  -0.001522
  0.314615 -0.00145261
   0.35378 -0.00137106
  0.392945 -0.00128469
   0.43211 -0.0012025
  0.471275 -0.00111793
   0.51044 -0.00103586
  0.549604 -0.000951662
  0.588769 -0.000869159
  0.627934 -0.000785778
  0.667099 -0.0007031
  0.706264 -0.000619945
  0.745429 -0.000537837
  0.784593 -0.000454822
  0.823758 -0.00037266
  0.862923 -0.000289693
  0.902088 -0.000206942
  0.941253 -0.000124011
  0.980418 -4.1332e-05
   1.01958 4.15921e-05
   1.05875 0.00012426
   1.09791 0.000206993
   1.13708 0.000289944
   1.17624 0.000372927
   1.21541 0.00045586
   1.25457 0.000538617
   1.29374 0.000621379
    1.3329 0.000704442
   1.37207 0.000787118
   1.41123 0.000868911
    1.4504 0.000952276
   1.48956 0.00103483
   1.52873 0.00111742
   1.56789 0.00119991
   1.60706 0.00128244
   1.64622 0.00136619
   1.68539 0.00144802
   1.72107 0.00151837
   1.75152 0.00157432
   1.77865 0.00162818
   1.80281 0.00167479
   1.82434  0.0017166
   1.84353 0.00175322
   1.86062 0.00178538
   1.87584 0.00181331
   1.88941  0.0018373
    1.9015 0.00185721
   1.91226 0.00187276
   1.92186 0.00188378
    1.9304 0.00188978
   1.93802 0.00189028
    1.9448 0.00188469
   1.95084 0.00187213
   1.95623  0.0018518
   1.96103 0.00182276
    1.9653 0.00178387
   1.96911  0.0017338
    1.9725 0.00167102
   1.97552 0.00159392
   1.97822 0.00150101
   1.98061 0.00139147
   1.98275 0.00126579
   1.98466 0.00112637
   1.98635 0.000977824
   1.98786 0.000826565
   1.98921 0.000679804
   1.99041 0.000544197
   1.99148 0.000424667
   1.99243 0.000323775
   1.99333 0.000237711
   1.99421 0.000163492
    1.9951 0.000103163
     1.996 5.7931e-05
   1.99689 2.74548e-05
   1.99777 9.8682e-06
   1.99867 2.05749e-06
   1.99956 5.24852e-08
