  0.000445 5.08031e-07
  0.001335 5.68581e-06
  0.002225 1.86884e-05
  0.003115 3.99312e-05
  0.004005 6.86712e-05
  0.004895 0.000101994
  0.005785 0.000134357
  0.006675 0.00016125
0.00756867 0.000206709
0.00852095 0.000242851
0.00958982 0.000243761
 0.0107896 0.000222384
 0.0121362 0.00018444
 0.0136477 0.000136989
 0.0153442 8.42944e-05
 0.0172484 2.65945e-05
 0.0193858 -3.71509e-05
 0.0217849 -0.000106689
 0.0244777 -0.000179257
 0.0275001 -0.000249948
 0.0308926 -0.00031494
 0.0347005 -0.000369227
 0.0389746 -0.000408475
 0.0437719 -0.000432039
 0.0491566 -0.00044041
 0.0552005 -0.000434665
 0.0619844 -0.000416996
 0.0695988 -0.000390694
 0.0781455 -0.00035863
 0.0877386 -0.000324019
 0.0985062 -0.000287421
  0.110592 -0.000251941
  0.124158 -0.000218214
  0.139384 -0.000188114
  0.156474 -0.000162273
  0.175657 -0.000140308
  0.197189 -0.000122002
  0.221357 -0.00010743
  0.248483 -9.59314e-05
  0.278931 -8.85645e-05
  0.314615 -6.79088e-05
   0.35378 -6.39476e-05
  0.392945 -5.51468e-05
   0.43211 -4.72498e-05
  0.471275 -3.94955e-05
   0.51044 -3.33913e-05
  0.549604 -2.77232e-05
  0.588769 -2.29268e-05
  0.627934 -1.89991e-05
  0.667099 -1.5589e-05
  0.706264 -1.26049e-05
  0.745429 -1.01726e-05
  0.784593 -8.24733e-06
  0.823758 -6.56464e-06
  0.862923 -5.24176e-06
  0.902088 -4.38742e-06
  0.941253 -3.79286e-06
  0.980418 -3.47752e-06
   1.01958 -3.4697e-06
   1.05875 -3.71596e-06
   1.09791 -4.30669e-06
   1.13708 -5.18939e-06
   1.17624 -6.55389e-06
   1.21541 -8.1949e-06
   1.25457 -1.03136e-05
   1.29374 -1.27872e-05
    1.3329 -1.57136e-05
   1.37207 -1.91886e-05
   1.41123 -2.31815e-05
    1.4504 -2.78198e-05
   1.48956 -3.32437e-05
   1.52873 -3.95567e-05
   1.56789 -4.72721e-05
   1.60706 -5.57475e-05
   1.64622 -6.50488e-05
   1.68539 -6.83611e-05
   1.72107 -8.91391e-05
   1.75152 -9.59267e-05
   1.77865 -0.000107943
   1.80281 -0.00012193
   1.82434 -0.000139928
   1.84353 -0.000162347
   1.86062 -0.000188229
   1.87584 -0.000218319
   1.88941 -0.000251555
    1.9015 -0.000287463
   1.91226 -0.000324015
   1.92186 -0.000359726
    1.9304 -0.00039138
   1.93802 -0.000417586
    1.9448 -0.000434774
   1.95084 -0.000440374
   1.95623 -0.000432453
   1.96103 -0.000408907
    1.9653 -0.000369759
   1.96911 -0.000315852
    1.9725 -0.000250271
   1.97552 -0.000178615
   1.97822 -0.000105896
   1.98061 -3.64688e-05
   1.98275 2.71056e-05
   1.98466 8.46511e-05
   1.98635 0.00013664
   1.98786 0.000183509
   1.98921 0.000221678
   1.99041 0.000243457
   1.99148 0.000242898
   1.99243 0.000206923
   1.99333 0.000161401
   1.99421 0.000134625
    1.9951 0.000102366
     1.996 6.90006e-05
   1.99689 4.0146e-05
   1.99777 1.87763e-05
   1.99867 5.70713e-06
   1.99956 5.09774e-07
