  0.000445   0.019481
  0.001335  0.0179491
  0.002225  0.0161701
  0.003115  0.0136543
  0.004005  0.0102214
  0.004895 0.00603446
  0.005785 0.00153064
  0.006675 -0.0027475
0.00756867 -0.00637309
0.00852095 -0.00917412
0.00958982 -0.0108989
 0.0107896 -0.0113465
 0.0121362 -0.0106025
 0.0136477 -0.0090268
 0.0153442 -0.00710702
 0.0172484 -0.00527464
 0.0193858 -0.00378826
 0.0217849 -0.00272081
 0.0244777 -0.00201987
 0.0275001 -0.00158422
 0.0308926 -0.00131601
 0.0347005 -0.00114191
 0.0389746 -0.00101523
 0.0437719 -0.000912021
 0.0491566 -0.000821287
 0.0552005 -0.000735277
 0.0619844 -0.000651381
 0.0695988 -0.000572109
 0.0781455 -0.000498532
 0.0877386 -0.000430433
 0.0985062 -0.000368074
  0.110592 -0.00031244
  0.124158 -0.00026281
  0.139384 -0.000220816
  0.156474 -0.000186655
  0.175657 -0.000158027
  0.197189 -0.000135215
  0.221357 -0.000117051
  0.248483 -0.000102767
  0.278931 -9.14273e-05
  0.314615 -7.12226e-05
   0.35378 -6.70223e-05
  0.392945 -6.00524e-05
   0.43211 -5.34074e-05
  0.471275 -4.68754e-05
   0.51044 -4.15957e-05
  0.549604 -3.63478e-05
  0.588769 -3.16596e-05
  0.627934 -2.7452e-05
  0.667099 -2.37937e-05
  0.706264 -2.03433e-05
  0.745429 -1.73211e-05
  0.784593 -1.4777e-05
  0.823758 -1.25112e-05
  0.862923 -1.06348e-05
  0.902088 -9.3006e-06
  0.941253 -8.35057e-06
  0.980418 -7.89213e-06
   1.01958 -7.83656e-06
   1.05875 -8.30036e-06
   1.09791 -9.21273e-06
   1.13708 -1.0593e-05
   1.17624 -1.25376e-05
   1.21541 -1.47175e-05
   1.25457 -1.73985e-05
   1.29374 -2.04095e-05
    1.3329 -2.37705e-05
   1.37207 -2.75191e-05
   1.41123 -3.17051e-05
    1.4504 -3.62194e-05
   1.48956 -4.13682e-05
   1.52873 -4.69183e-05
   1.56789 -5.3411e-05
   1.60706 -6.02344e-05
   1.64622 -6.73613e-05
   1.68539 -7.12943e-05
   1.72107 -9.18295e-05
   1.75152 -0.000102819
   1.77865 -0.000117493
   1.80281 -0.000135249
   1.82434 -0.000157856
   1.84353 -0.000186728
   1.86062 -0.00022133
   1.87584 -0.000262926
   1.88941 -0.000311957
    1.9015 -0.000367994
   1.91226 -0.000431058
   1.92186 -0.000500377
    1.9304 -0.000574383
   1.93802 -0.000653192
    1.9448 -0.000736492
   1.95084 -0.000823058
   1.95623 -0.000915199
   1.96103 -0.0010189
    1.9653 -0.00114673
   1.96911 -0.00132199
    1.9725 -0.00159002
   1.97552 -0.00202337
   1.97822 -0.00271957
   1.98061 -0.00378144
   1.98275 -0.00526388
   1.98466 -0.00709546
   1.98635 -0.00901625
   1.98786 -0.0105935
   1.98921 -0.0113389
   1.99041 -0.0108919
   1.99148 -0.00916766
   1.99243 -0.00636829
   1.99333 -0.00274578
   1.99421 0.00152733
    1.9951 0.00602428
     1.996  0.0102036
   1.99689  0.0136295
   1.99777    0.01614
   1.99867  0.0179156
   1.99956  0.0194456
