  0.000445 -0.00710824
  0.001335 -0.00698696
  0.002225 -0.00688145
  0.003115 -0.00678912
  0.004005 -0.00670771
  0.004895 -0.00663533
  0.005785 -0.00657028
  0.006675 -0.00651107
0.00756867 -0.00645617
0.00852095 -0.00640116
0.00958982 -0.00634245
 0.0107896 -0.00627854
 0.0121362 -0.00620724
 0.0136477 -0.00612564
 0.0153442 -0.00603028
 0.0172484 -0.00591769
 0.0193858 -0.00578528
 0.0217849 -0.00563289
 0.0244777 -0.00546442
 0.0275001 -0.00528916
 0.0308926 -0.00512176
 0.0347005 -0.00497995
 0.0389746 -0.00487976
 0.0437719 -0.00482936
 0.0491566 -0.00482406
 0.0552005 -0.00484521
 0.0619844 -0.00486446
 0.0695988 -0.0048518
 0.0781455 -0.00478366
 0.0877386 -0.00464762
 0.0985062 -0.0044427
  0.110592 -0.00417698
  0.124158 -0.00386361
  0.139384 -0.00351794
  0.156474 -0.00315648
  0.175657 -0.00279437
  0.197189 -0.0024433
  0.221357 -0.0021137
  0.248483 -0.00181457
  0.278931 -0.00153609
  0.314615 -0.00127776
   0.35378 -0.00107685
  0.392945 -0.000924359
   0.43211 -0.000801206
  0.471275 -0.000700316
   0.51044 -0.000615574
  0.549604 -0.000543572
  0.588769 -0.000481593
  0.627934 -0.000428016
  0.667099 -0.000381593
  0.706264 -0.000341654
  0.745429 -0.000307706
  0.784593 -0.00027927
  0.823758 -0.000256058
  0.862923 -0.000237705
  0.902088 -0.000224113
  0.941253 -0.000215268
  0.980418 -0.000210881
   1.01958 -0.000210987
   1.05875 -0.000215589
   1.09791 -0.00022471
   1.13708 -0.000238427
   1.17624 -0.000256934
   1.21541 -0.000280235
   1.25457 -0.000308752
   1.29374 -0.000342701
    1.3329 -0.000381966
   1.37207 -0.000427692
   1.41123 -0.00048143
    1.4504 -0.000544215
   1.48956 -0.000617722
   1.52873 -0.000703888
   1.56789 -0.000806017
   1.60706 -0.000929157
   1.64622 -0.00108129
   1.68539 -0.0012842
   1.72107 -0.00154553
   1.75152 -0.0018264
   1.77865 -0.00212738
   1.80281 -0.0024578
   1.82434 -0.00280931
   1.84353 -0.00317093
   1.86062 -0.00353056
   1.87584 -0.00387412
   1.88941 -0.00418595
    1.9015 -0.00445102
   1.91226 -0.00465666
   1.92186 -0.00479536
    1.9304 -0.00486811
   1.93802 -0.00488696
    1.9448 -0.0048748
   1.95084 -0.00486079
   1.95623 -0.00487258
   1.96103 -0.00492842
    1.9653 -0.00503299
   1.96911 -0.00517837
    1.9725 -0.0053488
   1.97552 -0.0055268
   1.97822 -0.00569784
   1.98061 -0.00585263
   1.98275 -0.00598725
   1.98466 -0.00610186
   1.98635 -0.00619901
   1.98786 -0.00628223
   1.98921 -0.00635499
   1.99041 -0.00642024
   1.99148 -0.0064802
   1.99243 -0.00653639
   1.99333 -0.00659249
   1.99421 -0.00665301
    1.9951 -0.0067195
     1.996 -0.00679351
   1.99689 -0.00687677
   1.99777 -0.00697123
   1.99867 -0.0070792
   1.99956 -0.00720334
