  0.000445 2.02986e-06
  0.001335 1.80421e-05
  0.002225 4.96499e-05
  0.003115 9.6484e-05
  0.004005 0.000158211
  0.004895 0.000234524
  0.005785 0.000325131
  0.006675 0.000429751
0.00756867 0.000548618
0.00852095 0.000690218
0.00958982 0.000867033
 0.0107896 0.00108734
 0.0121362 0.00136111
 0.0136477 0.00170008
 0.0153442 0.00211782
 0.0172484 0.00262942
 0.0193858 0.00325071
 0.0217849 0.00399687
 0.0244777  0.0048801
 0.0275001 0.00590631
 0.0308926 0.00707104
 0.0347005 0.00835519
 0.0389746 0.00972182
 0.0437719  0.0111154
 0.0491566  0.0124651
 0.0552005  0.0136919
 0.0619844  0.0147192
 0.0695988  0.0154848
 0.0781455  0.0159495
 0.0877386  0.0161025
 0.0985062  0.0159613
  0.110592  0.0155664
  0.124158  0.0149745
  0.139384  0.0142492
  0.156474  0.0134518
  0.175657  0.0126331
  0.197189  0.0118278
  0.221357  0.0110522
  0.248483  0.0103099
  0.278931 0.00960104
  0.314615 0.00890748
   0.35378 0.00820177
  0.392945 0.00758045
   0.43211 0.00702203
  0.471275 0.00650724
   0.51044 0.00602583
  0.549604 0.00557271
  0.588769 0.00514797
  0.627934 0.00475104
  0.667099 0.00438346
  0.706264 0.00404477
  0.745429 0.00373399
  0.784593 0.00345467
  0.823758 0.00321109
  0.862923 0.00300819
  0.902088 0.00285079
  0.941253 0.00274356
  0.980418 0.00269159
   1.01958 0.00269635
   1.05875 0.00275651
   1.09791 0.00287014
   1.13708 0.00303472
   1.17624 0.00324592
   1.21541 0.00349909
   1.25457 0.00378834
   1.29374 0.00410869
    1.3329 0.00445715
   1.37207 0.00483023
   1.41123 0.00522757
    1.4504 0.00565071
   1.48956 0.00610082
   1.52873 0.00657852
   1.56789 0.00708718
   1.60706  0.0076396
   1.64622 0.00825636
   1.68539 0.00896002
   1.72107  0.0096511
   1.75152  0.0103539
   1.77865  0.0110928
   1.80281  0.0118721
   1.82434   0.012686
   1.84353  0.0135172
   1.86062    0.01433
   1.87584  0.0150724
   1.88941  0.0156811
    1.9015  0.0160905
   1.91226  0.0162424
   1.92186  0.0160952
    1.9304  0.0156314
   1.93802  0.0148624
    1.9448  0.0138281
   1.95084  0.0125917
   1.95623  0.0112307
   1.96103 0.00982482
    1.9653 0.00844567
   1.96911 0.00714931
    1.9725 0.00597307
   1.97552 0.00493634
   1.97822 0.00404375
   1.98061 0.00328943
   1.98275 0.00266117
   1.98466  0.0021437
   1.98635 0.00172106
   1.98786 0.00137805
   1.98921 0.00110099
   1.99041 0.00087799
   1.99148 0.000698996
   1.99243 0.000555636
   1.99333 0.000435279
   1.99421 0.000329336
    1.9951 0.000237574
     1.996 0.000160281
   1.99689 9.77541e-05
   1.99777 5.03079e-05
   1.99867 1.82829e-05
   1.99956 2.05722e-06
