  0.000445 3.47713e-05
  0.001335 9.62845e-05
  0.002225 0.000150211
  0.003115 0.000197367
  0.004005 0.000238385
  0.004895 0.000273834
  0.005785 0.000304279
  0.006675 0.000330247
0.00756867 0.000352303
0.00852095 0.000371965
0.00958982 0.000389785
 0.0107896 0.000405162
 0.0121362  0.0004175
 0.0136477 0.000426258
 0.0153442 0.000430983
 0.0172484 0.000431363
 0.0193858 0.000427246
 0.0217849 0.000418644
 0.0244777 0.000405692
 0.0275001 0.000388552
 0.0308926 0.000367274
 0.0347005 0.000341628
 0.0389746 0.000310991
 0.0437719 0.000274379
 0.0491566 0.000230722
 0.0552005 0.000179445
 0.0619844 0.000121199
 0.0695988 5.84727e-05
 0.0781455 -4.30867e-06
 0.0877386 -6.14336e-05
 0.0985062 -0.000107122
  0.110592 -0.000136781
  0.124158 -0.00014802
  0.139384 -0.000141417
  0.156474 -0.000120936
  0.175657 -9.32963e-05
  0.197189 -6.5605e-05
  0.221357 -4.23853e-05
  0.248483 -2.27331e-05
  0.278931 -1.96292e-05
  0.314615 -4.95557e-05
   0.35378 -3.38898e-05
  0.392945 -3.21118e-05
   0.43211 -3.49721e-05
  0.471275 -3.6125e-05
   0.51044 -3.66263e-05
  0.549604 -3.5905e-05
  0.588769 -3.56104e-05
  0.627934 -3.47458e-05
  0.667099 -3.31539e-05
  0.706264 -3.07749e-05
  0.745429 -2.86795e-05
  0.784593 -2.72049e-05
  0.823758 -2.51427e-05
  0.862923 -2.18916e-05
  0.902088 -1.85501e-05
  0.941253 -1.63946e-05
  0.980418 -1.5434e-05
   1.01958 -1.52241e-05
   1.05875 -1.57658e-05
   1.09791 -1.72849e-05
   1.13708 -1.93711e-05
   1.17624 -2.1538e-05
   1.21541 -2.42823e-05
   1.25457 -2.72094e-05
   1.29374 -2.93783e-05
    1.3329 -3.20725e-05
   1.37207 -3.54306e-05
   1.41123 -3.7613e-05
    1.4504 -3.83137e-05
   1.48956 -3.7703e-05
   1.52873 -3.58788e-05
   1.56789 -3.36316e-05
   1.60706 -3.03268e-05
   1.64622 -3.16792e-05
   1.68539 -4.68661e-05
   1.72107 -1.88425e-05
   1.75152 -2.70858e-05
   1.77865 -4.51768e-05
   1.80281 -6.56132e-05
   1.82434 -9.2249e-05
   1.84353 -0.000120136
   1.86062 -0.000141604
   1.87584 -0.000149646
   1.88941 -0.00014001
    1.9015 -0.000111696
   1.91226 -6.6814e-05
   1.92186 -9.95519e-06
    1.9304 5.30906e-05
   1.93802 0.00011666
    1.9448 0.000176284
   1.95084 0.000229291
   1.95623 0.000274788
   1.96103 0.000313147
    1.9653 0.000345315
   1.96911 0.000372241
    1.9725 0.000394556
   1.97552 0.000412523
   1.97822 0.000426121
   1.98061 0.000435214
   1.98275 0.000439681
   1.98466 0.000439521
   1.98635 0.000434894
   1.98786 0.000426125
   1.98921 0.000413673
   1.99041 0.000398095
   1.99148 0.000379999
   1.99243 0.000360001
   1.99333 0.000337541
   1.99421 0.000311071
    1.9951 0.000280011
     1.996 0.000243819
   1.99689 0.000201912
   1.99777 0.000153707
   1.99867 9.85489e-05
   1.99956 3.55993e-05
