  0.000445 8.87897e-09
  0.001335 3.77674e-07
  0.002225 1.82166e-06
  0.003115 5.12602e-06
  0.004005 1.10603e-05
  0.004895 2.04003e-05
  0.005785 3.39311e-05
  0.006675 5.24354e-05
0.00756867 7.67904e-05
0.00852095 0.00010989
0.00958982 0.000156942
 0.0107896 0.000223591
 0.0121362 0.000317547
 0.0136477 0.000449152
 0.0153442 0.000631927
 0.0172484 0.000882922
 0.0193858 0.00122255
 0.0217849 0.00167345
 0.0244777 0.00225765
 0.0275001 0.00299163
 0.0308926 0.00387898
 0.0347005 0.00490149
 0.0389746 0.00601133
 0.0437719 0.00712797
 0.0491566 0.00814422
 0.0552005 0.00894334
 0.0619844 0.00942434
 0.0695988 0.00952747
 0.0781455 0.00924963
 0.0877386 0.00864327
 0.0985062 0.00779999
  0.110592  0.0068265
  0.124158 0.00582236
  0.139384 0.00486612
  0.156474 0.00401012
  0.175657 0.00328155
  0.197189  0.0026845
  0.221357  0.0022103
  0.248483 0.00183714
  0.278931 0.00154343
  0.314615 0.00130569
   0.35378 0.00111021
  0.392945 0.000956832
   0.43211 0.000827774
  0.471275 0.000715795
   0.51044 0.000617248
  0.549604 0.000527089
  0.588769 0.00044474
  0.627934 0.000369513
  0.667099 0.000301462
  0.706264 0.000240009
  0.745429 0.000184598
  0.784593 0.000135397
  0.823758 9.28944e-05
  0.862923 5.75364e-05
  0.902088 3.00093e-05
  0.941253 1.11801e-05
  0.980418 1.76338e-06
   1.01958 2.09756e-06
   1.05875 1.20714e-05
   1.09791 3.1309e-05
   1.13708 5.92617e-05
   1.17624 9.53134e-05
   1.21541 0.000138896
   1.25457 0.000189412
   1.29374 0.000245767
    1.3329 0.000307153
   1.37207 0.000374082
   1.41123 0.000447934
    1.4504 0.000529713
   1.48956 0.000620602
   1.52873 0.000721222
   1.56789 0.000835058
   1.60706 0.000963878
   1.64622 0.00111646
   1.68539 0.00131181
   1.72107 0.00154925
   1.75152 0.00184024
   1.77865 0.00220797
   1.80281 0.00267642
   1.82434 0.00327046
   1.84353 0.00400082
   1.86062 0.00486386
   1.87584 0.00583178
   1.88941 0.00685119
    1.9015 0.00784281
   1.91226 0.00870634
   1.92186 0.00933364
    1.9304 0.00963084
   1.93802 0.00954284
    1.9448 0.00907064
   1.95084 0.00827295
   1.95623 0.00725108
   1.96103 0.00612324
    1.9653 0.00499869
   1.96911 0.00396011
    1.9725 0.00305706
   1.97552 0.00230889
   1.97822 0.00171261
   1.98061  0.0012519
   1.98275 0.000904555
   1.98466 0.00064767
   1.98635 0.000460492
   1.98786 0.000325651
   1.98921 0.000229346
   1.99041 0.000161009
   1.99148 0.000112753
   1.99243 7.88003e-05
   1.99333 5.38128e-05
   1.99421 3.48251e-05
    1.9951 2.09392e-05
     1.996 1.13532e-05
   1.99689 5.26197e-06
   1.99777 1.87004e-06
   1.99867 3.87729e-07
   1.99956 9.11617e-09
