  0.000445 4.96441e-08
  0.001335 6.20885e-07
  0.002225 2.59766e-06
  0.003115 6.87063e-06
  0.004005 1.43499e-05
  0.004895 2.59195e-05
  0.005785 4.24031e-05
  0.006675 6.4541e-05
0.00756867 9.31061e-05
0.00852095 0.000131249
0.00958982 0.000183849
 0.0107896 0.000255422
 0.0121362 0.000351079
 0.0136477 0.00047587
 0.0153442 0.000633442
 0.0172484 0.000823734
 0.0193858 0.00103965
 0.0217849 0.00126311
 0.0244777 0.00146163
 0.0275001 0.00158784
 0.0308926 0.00158433
 0.0347005 0.00139617
 0.0389746 0.000989767
 0.0437719 0.000373012
 0.0491566 -0.000392878
 0.0552005 -0.0011987
 0.0619844 -0.00191246
 0.0695988 -0.00241653
 0.0781455 -0.00264127
 0.0877386 -0.00258042
 0.0985062 -0.00228439
  0.110592 -0.00183845
  0.124158 -0.00133508
  0.139384 -0.000851545
  0.156474 -0.000440522
  0.175657 -0.000128416
  0.197189 8.14258e-05
  0.221357 0.000198335
  0.248483 0.000244903
  0.278931 0.000259519
  0.314615 0.000213986
   0.35378 0.000173331
  0.392945 0.000138345
   0.43211 0.000121743
  0.471275 0.000113579
   0.51044 0.000111493
  0.549604 0.000115016
  0.588769 0.000124104
  0.627934 0.000135393
  0.667099 0.000148065
  0.706264 0.000161509
  0.745429 0.000175287
  0.784593 0.000189795
  0.823758 0.00020289
  0.862923 0.000213288
  0.902088 0.000221159
  0.941253 0.000226682
  0.980418 0.000229885
   1.01958 0.000229784
   1.05875 0.000225976
   1.09791 0.000219048
   1.13708 0.000209537
   1.17624 0.000197452
   1.21541 0.000184222
   1.25457 0.000170049
   1.29374 0.000155309
    1.3329 0.000142766
   1.37207 0.000132395
   1.41123 0.000123239
    1.4504 0.00011619
   1.48956 0.000112473
   1.52873 0.000113417
   1.56789 0.000119243
   1.60706 0.000135277
   1.64622 0.000170424
   1.68539 0.000214029
   1.72107 0.000266919
   1.75152 0.000259933
   1.77865 0.000216105
   1.80281 0.000103045
   1.82434 -0.000105047
   1.84353 -0.000419843
   1.86062 -0.00083849
   1.87584 -0.00133246
   1.88941 -0.00184713
    1.9015 -0.00230443
   1.91226 -0.00261242
   1.92186 -0.00268549
    1.9304 -0.00247103
   1.93802 -0.0019731
    1.9448 -0.00126011
   1.95084 -0.000449497
   1.95623 0.000325798
   1.96103 0.000954799
    1.9653 0.00137414
   1.96911 0.00157402
    1.9725 0.00158671
   1.97552 0.00146667
   1.97822 0.00127149
   1.98061 0.00104917
   1.98275 0.000832918
   1.98466 0.000641495
   1.98635 0.000482491
   1.98786 0.000356278
   1.98921 0.000259369
   1.99041 0.000186771
   1.99148 0.000133372
   1.99243 9.46262e-05
   1.99333 6.55995e-05
   1.99421 4.30986e-05
    1.9951 2.63431e-05
     1.996 1.4583e-05
   1.99689 6.98163e-06
   1.99777 2.63969e-06
   1.99867 6.31197e-07
   1.99956 5.06432e-08
