  0.000445 -7.86768e-10
  0.001335 -3.35397e-08
  0.002225 -1.61948e-07
  0.003115 -4.56199e-07
  0.004005 -9.85429e-07
  0.004895 -1.81973e-06
  0.005785 -3.03055e-06
  0.006675 -4.68977e-06
0.00756867 -6.87857e-06
0.00852095 -9.86128e-06
0.00958982 -1.41157e-05
 0.0107896 -2.01684e-05
 0.0121362 -2.87503e-05
 0.0136477 -4.08635e-05
 0.0153442 -5.78603e-05
 0.0172484 -8.15266e-05
 0.0193858 -0.000114157
 0.0217849 -0.000158594
 0.0244777 -0.000218191
 0.0275001 -0.000296655
 0.0308926 -0.000397706
 0.0347005 -0.00052455
 0.0389746 -0.000679161
 0.0437719 -0.000861504
 0.0491566 -0.00106888
 0.0552005 -0.00129562
 0.0619844 -0.00153336
 0.0695988 -0.00177197
 0.0781455 -0.00200084
 0.0877386 -0.00221034
 0.0985062 -0.00239293
  0.110592 -0.00254367
  0.124158 -0.00266026
  0.139384 -0.00274251
  0.156474 -0.00279156
  0.175657 -0.00280937
  0.197189 -0.00279814
  0.221357 -0.00276128
  0.248483 -0.00269757
  0.278931  -0.002613
  0.314615 -0.00250467
   0.35378 -0.00237118
  0.392945 -0.00223512
   0.43211 -0.00209492
  0.471275 -0.0019516
   0.51044 -0.00180723
  0.549604 -0.00166204
  0.588769 -0.00151657
  0.627934 -0.00137083
  0.667099 -0.00122473
  0.706264 -0.00107855
  0.745429 -0.000932648
  0.784593 -0.000787172
  0.823758 -0.000641962
  0.862923 -0.000497254
  0.902088 -0.000353082
  0.941253 -0.000209308
  0.980418 -6.57944e-05
   1.01958 7.76543e-05
   1.05875  0.0002212
   1.09791 0.000365052
   1.13708 0.000509263
   1.17624 0.000653779
   1.21541 0.000798785
   1.25457 0.00094419
   1.29374 0.00109004
    1.3329 0.00123679
   1.37207 0.00138385
   1.41123 0.00153046
    1.4504 0.00167652
   1.48956 0.00182183
   1.52873 0.00196638
   1.56789 0.00210947
   1.60706 0.00224937
   1.64622 0.00238639
   1.68539 0.00252093
   1.72107 0.00263131
   1.75152  0.0027182
   1.77865 0.00278453
   1.80281 0.00282431
   1.82434 0.00283774
   1.84353 0.00282124
   1.86062 0.00277267
   1.87584 0.00269027
   1.88941 0.00257318
    1.9015 0.00242173
   1.91226 0.00223819
   1.92186 0.00202734
    1.9304 0.00179669
   1.93802 0.00155591
    1.9448 0.00131568
   1.95084 0.00108629
   1.95623 0.000876239
   1.96103 0.000691322
    1.9653 0.000534351
   1.96911 0.000405432
    1.9725 0.000302623
   1.97552 0.000222721
   1.97822 0.000161978
   1.98061 0.000116652
   1.98275 8.33451e-05
   1.98466 5.91735e-05
   1.98635 4.18048e-05
   1.98786 2.94208e-05
   1.98921 2.06436e-05
   1.99041 1.44512e-05
   1.99148 1.00974e-05
   1.99243 7.04434e-06
   1.99333 4.80341e-06
   1.99421 3.10435e-06
    1.9951 1.86425e-06
     1.996 1.00965e-06
   1.99689 4.67461e-07
   1.99777 1.65965e-07
   1.99867 3.43775e-08
   1.99956 8.07233e-10
