  0.000445 0.00707335
  0.001335 0.00688925
  0.002225 0.00672583
  0.003115 0.00657813
  0.004005 0.00644174
  0.004895 0.00631249
  0.005785 0.00618642
  0.006675 0.00606004
0.00756867 0.00592971
0.00852095 0.00578401
0.00958982 0.00560804
 0.0107896 0.00539069
 0.0121362 0.00511747
 0.0136477 0.00477063
 0.0153442 0.00433004
 0.0172484 0.00377556
 0.0193858 0.00309157
 0.0217849 0.00227348
 0.0244777 0.00133564
 0.0275001 0.000318254
 0.0308926 -0.000710131
 0.0347005 -0.0016584
 0.0389746 -0.00242858
 0.0437719 -0.00293909
 0.0491566 -0.00314794
 0.0552005 -0.00306608
 0.0619844 -0.00275393
 0.0695988 -0.0023021
 0.0781455 -0.00180517
 0.0877386 -0.00133994
 0.0985062 -0.000954074
  0.110592 -0.000665221
  0.124158 -0.000469363
  0.139384 -0.000351436
  0.156474 -0.000290296
  0.175657 -0.000264647
  0.197189 -0.000256241
  0.221357 -0.000250826
  0.248483 -0.000241764
  0.278931 -0.000243652
  0.314615 -0.000188074
   0.35378 -0.0001684
  0.392945 -0.000134472
   0.43211 -0.000109224
  0.471275 -8.91202e-05
   0.51044 -7.30096e-05
  0.549604 -5.93646e-05
  0.588769 -4.86359e-05
  0.627934 -3.94027e-05
  0.667099 -3.22957e-05
  0.706264 -2.66683e-05
  0.745429 -2.10757e-05
  0.784593 -1.62815e-05
  0.823758 -1.21241e-05
  0.862923 -8.74954e-06
  0.902088 -6.04151e-06
  0.941253 -3.7683e-06
  0.980418 -2.91493e-06
   1.01958 -3.22926e-06
   1.05875 -4.22641e-06
   1.09791 -5.89911e-06
   1.13708 -8.59064e-06
   1.17624 -1.19534e-05
   1.21541 -1.63521e-05
   1.25457 -2.13568e-05
   1.29374 -2.67695e-05
    1.3329 -3.33633e-05
   1.37207 -4.05404e-05
   1.41123 -4.89758e-05
    1.4504 -5.98049e-05
   1.48956 -7.35369e-05
   1.52873 -9.03709e-05
   1.56789 -0.000109963
   1.60706 -0.000134823
   1.64622 -0.000168801
   1.68539 -0.000189882
   1.72107 -0.000247923
   1.75152 -0.000243735
   1.77865 -0.000249798
   1.80281 -0.000255173
   1.82434 -0.000262994
   1.84353 -0.00028811
   1.86062 -0.00034944
   1.87584 -0.000469137
   1.88941 -0.000668828
    1.9015 -0.000963814
   1.91226 -0.00135656
   1.92186 -0.00182775
    1.9304 -0.00232955
   1.93802 -0.00278519
    1.9448 -0.00309979
   1.95084 -0.00318253
   1.95623 -0.00297286
   1.96103 -0.00245971
    1.9653 -0.00168489
   1.96911 -0.000729931
    1.9725 0.000307037
   1.97552 0.00133441
   1.97822 0.00228296
   1.98061  0.0031117
   1.98275 0.00380565
   1.98466 0.00436898
   1.98635 0.00481715
   1.98786  0.0051703
   1.98921 0.00544871
   1.99041 0.00567032
   1.99148 0.00584984
   1.99243 0.00599852
   1.99333 0.00613157
   1.99421 0.00626062
    1.9951 0.00638941
     1.996 0.00652149
   1.99689 0.00666093
   1.99777 0.00681199
   1.99867 0.00697919
   1.99956 0.00716762
