  0.000445 -0.0265775
  0.001335 -0.0247097
  0.002225 -0.0231962
  0.003115 -0.0217307
  0.004005 -0.0202234
  0.004895 -0.0187335
  0.005785 -0.0174036
  0.006675 -0.0163493
0.00756867 -0.0155469
0.00852095 -0.0149618
0.00958982 -0.0145492
 0.0107896 -0.0141736
 0.0121362 -0.0137441
 0.0136477 -0.0131648
 0.0153442 -0.0123924
 0.0172484 -0.0114372
 0.0193858 -0.0103556
 0.0217849 -0.0092209
 0.0244777 -0.0081013
 0.0275001 -0.00704645
 0.0308926  -0.006087
 0.0347005 -0.00523668
 0.0389746 -0.00449779
 0.0437719 -0.00386502
 0.0491566 -0.00332582
 0.0552005 -0.00286724
 0.0619844 -0.00247667
 0.0695988 -0.00214259
 0.0781455 -0.00185447
 0.0877386 -0.00160657
 0.0985062 -0.00139339
  0.110592 -0.00121085
  0.124158 -0.00105631
  0.139384 -0.000926179
  0.156474 -0.000816393
  0.175657 -0.000724098
  0.197189 -0.00064495
  0.221357 -0.000577738
  0.248483 -0.000515347
  0.278931 -0.000451214
  0.314615 -0.000381804
   0.35378 -0.000343978
  0.392945 -0.000310103
   0.43211 -0.000275467
  0.471275 -0.000241998
   0.51044 -0.000213188
  0.549604 -0.000187009
  0.588769 -0.00016423
  0.627934 -0.000143908
  0.667099 -0.000125653
  0.706264 -0.000109427
  0.745429 -9.50587e-05
  0.784593 -8.26788e-05
  0.823758 -7.2014e-05
  0.862923 -6.3296e-05
  0.902088 -5.644e-05
  0.941253 -5.18294e-05
  0.980418 -4.9608e-05
   1.01958 -4.95374e-05
   1.05875 -5.1574e-05
   1.09791 -5.61106e-05
   1.13708 -6.27887e-05
   1.17624 -7.15772e-05
   1.21541 -8.23049e-05
   1.25457 -9.5156e-05
   1.29374 -0.000109907
    1.3329 -0.000126504
   1.37207 -0.00014431
   1.41123 -0.000164498
    1.4504 -0.000187153
   1.48956 -0.000212609
   1.52873 -0.00024073
   1.56789 -0.000271787
   1.60706 -0.000303749
   1.64622 -0.00033564
   1.68539 -0.000373911
   1.72107 -0.000445461
   1.75152 -0.00051089
   1.77865 -0.000575775
   1.80281 -0.000646646
   1.82434 -0.000729173
   1.84353 -0.00082266
   1.86062 -0.000933499
   1.87584 -0.00106437
   1.88941 -0.00122042
    1.9015 -0.00140541
   1.91226 -0.00162191
   1.92186 -0.00187394
    1.9304 -0.00216886
   1.93802 -0.00251076
    1.9448 -0.00291011
   1.95084 -0.00337641
   1.95623 -0.00392565
   1.96103 -0.00457282
    1.9653 -0.00532572
   1.96911 -0.00619145
    1.9725 -0.00717254
   1.97552 -0.00825597
   1.97822 -0.00940796
   1.98061 -0.0105753
   1.98275 -0.0116891
   1.98466 -0.0126747
   1.98635 -0.0134715
   1.98786  -0.014066
   1.98921 -0.0145016
   1.99041 -0.0148762
   1.99148 -0.0152832
   1.99243 -0.0158631
   1.99333 -0.0166634
   1.99421 -0.0177232
    1.9951 -0.0190711
     1.996 -0.0205912
   1.99689 -0.0221364
   1.99777 -0.0236423
   1.99867 -0.0251968
   1.99956 -0.0271125
