  0.000445 -1.06689e-06
  0.001335 0.000160388
  0.002225 0.000767247
  0.003115 0.00214237
  0.004005 0.00432669
  0.004895 0.00738825
  0.005785  0.0108765
  0.006675  0.0146647
0.00756867  0.0180214
0.00852095  0.0208649
0.00958982  0.0235581
 0.0107896  0.0250329
 0.0121362  0.0256171
 0.0136477  0.0249246
 0.0153442  0.0234325
 0.0172484  0.0212484
 0.0193858  0.0188248
 0.0217849  0.0163254
 0.0244777  0.0139795
 0.0275001  0.0118408
 0.0308926  0.0099683
 0.0347005 0.00834638
 0.0389746 0.00697019
 0.0437719 0.00581512
 0.0491566 0.00486418
 0.0552005 0.00409784
 0.0619844 0.00349586
 0.0695988 0.00302804
 0.0781455 0.00266657
 0.0877386 0.00239023
 0.0985062 0.00217685
  0.110592 0.00200257
  0.124158 0.00186398
  0.139384  0.0017474
  0.156474 0.00163478
  0.175657 0.00154975
  0.197189 0.00144682
  0.221357 0.00137928
  0.248483 0.00122506
  0.278931 0.00113066
  0.314615 0.00104425
   0.35378 0.000885192
  0.392945 0.000730035
   0.43211 0.000626458
  0.471275 0.000518748
   0.51044 0.000449764
  0.549604 0.000374652
  0.588769 0.00031055
  0.627934 0.000254414
  0.667099 0.000207756
  0.706264 0.000167582
  0.745429 0.000130721
  0.784593 9.95969e-05
  0.823758 7.22159e-05
  0.862923 4.83347e-05
  0.902088 3.0683e-05
  0.941253 1.79145e-05
  0.980418 1.13438e-05
   1.01958 1.18702e-05
   1.05875 1.85116e-05
   1.09791 3.05001e-05
   1.13708 4.76997e-05
   1.17624 7.13427e-05
   1.21541 0.000100678
   1.25457 0.000132742
   1.29374 0.000170564
    1.3329 0.000214772
   1.37207 0.000259931
   1.41123 0.000308202
    1.4504 0.00036502
   1.48956 0.00043867
   1.52873 0.00052083
   1.56789 0.000618355
   1.60706 0.000707083
   1.64622 0.000860185
   1.68539 0.00101346
   1.72107 0.00111051
   1.75152  0.0012187
   1.77865 0.00136918
   1.80281 0.00144382
   1.82434 0.00156349
   1.84353 0.00165318
   1.86062 0.00176432
   1.87584 0.00187057
   1.88941  0.0020141
    1.9015 0.00218584
   1.91226 0.00240617
   1.92186 0.00268979
    1.9304 0.00306178
   1.93802 0.00354356
    1.9448  0.0041579
   1.95084   0.004934
   1.95623 0.00589733
   1.96103 0.00706979
    1.9653 0.00846886
   1.96911  0.0101225
    1.9725  0.0120391
   1.97552  0.0142294
   1.97822  0.0166324
   1.98061  0.0191948
   1.98275  0.0216861
   1.98466  0.0239418
   1.98635   0.025503
   1.98786  0.0262557
   1.98921  0.0257053
   1.99041  0.0242375
   1.99148  0.0215089
   1.99243  0.0186112
   1.99333  0.0151713
   1.99421  0.0112711
    1.9951 0.00766813
     1.996 0.00449661
   1.99689 0.00222864
   1.99777 0.000798823
   1.99867 0.00016699
   1.99956 -1.09234e-06
