  0.000445 2.74499e-05
  0.001335 0.000294149
  0.002225 0.00118159
  0.003115  0.0027779
  0.004005 0.00494497
  0.004895 0.00699898
  0.005785 0.00852011
  0.006675 0.00888758
0.00756867 0.00875938
0.00852095  0.0068396
0.00958982 0.00420825
 0.0107896 0.00151002
 0.0121362 -0.00124053
 0.0136477 -0.00319048
 0.0153442 -0.00437346
 0.0172484 -0.00461151
 0.0193858 -0.00424401
 0.0217849 -0.00345245
 0.0244777 -0.00254468
 0.0275001 -0.00165836
 0.0308926 -0.000919787
 0.0347005 -0.000354481
 0.0389746 2.83101e-05
 0.0437719 0.000259699
 0.0491566 0.000375991
 0.0552005 0.000412359
 0.0619844 0.000400831
 0.0695988 0.000364332
 0.0781455 0.000318742
 0.0877386 0.00026734
 0.0985062 0.00021484
  0.110592 0.000160182
  0.124158 9.02689e-05
  0.139384 2.76501e-05
  0.156474 -2.31478e-05
  0.175657 -8.09407e-05
  0.197189 -0.000126353
  0.221357 -0.000166285
  0.248483 -0.000173728
  0.278931 -0.000173194
  0.314615 -0.000287289
   0.35378 -0.00019073
  0.392945 -0.000141048
   0.43211 -0.000102285
  0.471275 -7.20526e-05
   0.51044 -6.48969e-05
  0.549604 -4.55634e-05
  0.588769 -2.66177e-05
  0.627934 -7.30981e-06
  0.667099 3.62987e-06
  0.706264 1.34057e-05
  0.745429 2.07089e-05
  0.784593 3.17669e-05
  0.823758 4.2429e-05
  0.862923 5.17241e-05
  0.902088 5.84377e-05
  0.941253 6.35212e-05
  0.980418 6.48469e-05
   1.01958 6.31133e-05
   1.05875 6.02162e-05
   1.09791 5.63656e-05
   1.13708 4.93616e-05
   1.17624 3.96405e-05
   1.21541 3.18377e-05
   1.25457 2.04966e-05
   1.29374 1.08604e-05
    1.3329 -1.7209e-07
   1.37207 -1.34537e-05
   1.41123 -2.32472e-05
    1.4504 -2.95025e-05
   1.48956 -5.38909e-05
   1.52873 -8.11161e-05
   1.56789 -0.000105041
   1.60706 -0.000132539
   1.64622 -0.000182847
   1.68539 -0.000278406
   1.72107 -0.00015976
   1.75152 -0.000175031
   1.77865 -0.000167468
   1.80281 -0.00012519
   1.82434 -8.24534e-05
   1.84353 -3.49323e-05
   1.86062 2.42518e-05
   1.87584 9.48747e-05
   1.88941 0.000164687
    1.9015 0.000220858
   1.91226 0.000280931
   1.92186 0.000335668
    1.9304 0.00037032
   1.93802 0.000402345
    1.9448 0.000418339
   1.95084 0.000387308
   1.95623 0.000273238
   1.96103 3.80331e-05
    1.9653 -0.000347814
   1.96911 -0.000921178
    1.9725 -0.00167818
   1.97552 -0.0025935
   1.97822 -0.00353281
   1.98061  -0.004354
   1.98275 -0.00475096
   1.98466 -0.00454238
   1.98635 -0.00337798
   1.98786 -0.0014271
   1.98921 0.00135544
   1.99041 0.00410715
   1.99148 0.00681689
   1.99243 0.00881882
   1.99333  0.0089974
   1.99421  0.0086746
    1.9951  0.0071582
     1.996 0.00507784
   1.99689 0.00286172
   1.99777 0.00122044
   1.99867 0.000304532
   1.99956 2.84952e-05
