  0.000445  0.0087296
  0.001335   0.026098
  0.002225  0.0433334
  0.003115  0.0601895
  0.004005  0.0762949
  0.004895  0.0912354
  0.005785   0.104652
  0.006675     0.1163
0.00756867   0.126123
0.00852095    0.13458
0.00958982   0.141795
 0.0107896   0.147421
 0.0121362   0.151235
 0.0136477   0.153168
 0.0153442   0.153313
 0.0172484   0.151884
 0.0193858    0.14917
 0.0217849   0.145477
 0.0244777   0.141096
 0.0275001   0.136275
 0.0308926   0.131213
 0.0347005   0.126061
 0.0389746    0.12094
 0.0437719   0.115945
 0.0491566   0.111177
 0.0552005   0.106718
 0.0619844   0.102621
 0.0695988   0.098912
 0.0781455  0.0956291
 0.0877386   0.092757
 0.0985062  0.0902273
  0.110592  0.0880536
  0.124158  0.0861684
  0.139384  0.0845473
  0.156474  0.0831561
  0.175657    0.08203
  0.197189  0.0808187
  0.221357  0.0799702
  0.248483  0.0784896
  0.278931  0.0774264
  0.314615  0.0745947
   0.35378  0.0731978
  0.392945  0.0703215
   0.43211  0.0679034
  0.471275  0.0648854
   0.51044  0.0621921
  0.549604  0.0593289
  0.588769  0.0564056
  0.627934  0.0535361
  0.667099  0.0506898
  0.706264  0.0479551
  0.745429  0.0451627
  0.784593  0.0424323
  0.823758  0.0399365
  0.862923  0.0376228
  0.902088   0.035656
  0.941253  0.0342153
  0.980418  0.0333505
   1.01958  0.0331455
   1.05875  0.0337538
   1.09791  0.0350839
   1.13708  0.0370028
   1.17624  0.0391917
   1.21541   0.041913
   1.25457  0.0445797
   1.29374  0.0473548
    1.3329  0.0501492
   1.37207  0.0528363
   1.41123  0.0554232
    1.4504  0.0581263
   1.48956  0.0609207
   1.52873  0.0635601
   1.56789  0.0663356
   1.60706  0.0688295
   1.64622  0.0714628
   1.68539    0.07295
   1.72107  0.0761434
   1.75152  0.0770639
   1.77865   0.078529
   1.80281  0.0794512
   1.82434  0.0806563
   1.84353  0.0817692
   1.86062  0.0832135
   1.87584  0.0847884
   1.88941  0.0867216
    1.9015  0.0889063
   1.91226  0.0914869
   1.92186  0.0944338
    1.9304  0.0977771
   1.93802   0.101571
    1.9448   0.105807
   1.95084   0.110411
   1.95623   0.115316
   1.96103   0.120447
    1.9653   0.125716
   1.96911   0.131018
    1.9725   0.136222
   1.97552   0.141174
   1.97822   0.145677
   1.98061   0.149489
   1.98275    0.15232
   1.98466   0.153862
   1.98635   0.153823
   1.98786   0.151986
   1.98921   0.148251
   1.99041   0.142683
   1.99148   0.135501
   1.99243   0.127054
   1.99333   0.117216
   1.99421   0.105524
    1.9951  0.0920334
     1.996  0.0769874
   1.99689    0.06075
   1.99777  0.0437427
   1.99867  0.0263458
   1.99956 0.00881251
