  0.000445 3.03896e-05
  0.001335 0.00032762
  0.002225 0.000910185
  0.003115 0.00169048
  0.004005 0.00263409
  0.004895 0.00372992
  0.005785 0.00489326
  0.006675 0.00618636
0.00756867 0.00745586
0.00852095 0.00881006
0.00958982   0.010515
 0.0107896  0.0123129
 0.0121362  0.0144168
 0.0136477  0.0166573
 0.0153442  0.0191492
 0.0172484  0.0217748
 0.0193858   0.024577
 0.0217849  0.0274604
 0.0244777  0.0304178
 0.0275001  0.0333602
 0.0308926  0.0362481
 0.0347005  0.0389963
 0.0389746  0.0415518
 0.0437719  0.0438419
 0.0491566  0.0458168
 0.0552005  0.0474284
 0.0619844  0.0486583
 0.0695988  0.0495093
 0.0781455   0.050012
 0.0877386  0.0502059
 0.0985062  0.0501677
  0.110592  0.0499859
  0.124158  0.0497252
  0.139384  0.0494435
  0.156474  0.0491937
  0.175657  0.0489533
  0.197189  0.0487782
  0.221357  0.0486188
  0.248483  0.0483825
  0.278931  0.0484395
  0.314615  0.0468396
   0.35378  0.0469524
  0.392945  0.0454983
   0.43211  0.0441892
  0.471275  0.0427037
   0.51044  0.0412315
  0.549604   0.039804
  0.588769  0.0384678
  0.627934  0.0370659
  0.667099  0.0357199
  0.706264  0.0343098
  0.745429  0.0328915
  0.784593  0.0315479
  0.823758  0.0303876
  0.862923  0.0292846
  0.902088  0.0283965
  0.941253  0.0277426
  0.980418  0.0274819
   1.01958  0.0274649
   1.05875   0.027789
   1.09791  0.0284107
   1.13708  0.0293143
   1.17624   0.030361
   1.21541  0.0315382
   1.25457  0.0328151
   1.29374    0.03414
    1.3329  0.0354508
   1.37207  0.0368382
   1.41123  0.0383896
    1.4504  0.0396718
   1.48956  0.0412131
   1.52873  0.0425192
   1.56789  0.0439621
   1.60706  0.0452416
   1.64622     0.0465
   1.68539  0.0464334
   1.72107  0.0481083
   1.75152  0.0480902
   1.77865  0.0485518
   1.80281  0.0487395
   1.82434  0.0489883
   1.84353  0.0492571
   1.86062  0.0495616
   1.87584  0.0498698
   1.88941  0.0501489
    1.9015  0.0503596
   1.91226  0.0504082
   1.92186  0.0502309
    1.9304  0.0497558
   1.93802  0.0489293
    1.9448  0.0477183
   1.95084  0.0461207
   1.95623   0.044155
   1.96103  0.0418682
    1.9653  0.0393086
   1.96911   0.036551
    1.9725    0.03365
   1.97552  0.0306911
   1.97822  0.0277137
   1.98061  0.0248084
   1.98275  0.0219834
   1.98466  0.0193357
   1.98635  0.0168224
   1.98786  0.0145621
   1.98921  0.0124393
   1.99041  0.0106247
   1.99148 0.00890357
   1.99243 0.00753609
   1.99333 0.00625389
   1.99421 0.00494739
    1.9951 0.00377168
     1.996 0.00266397
   1.99689 0.00170981
   1.99777 0.000920768
   1.99867 0.000331425
   1.99956 3.07798e-05
