  0.000445 0.00582372
  0.001335  0.0159135
  0.002225  0.0246717
  0.003115  0.0322241
  0.004005  0.0386894
  0.004895  0.0441769
  0.005785  0.0488135
  0.006675  0.0527137
0.00756867  0.0560139
0.00852095  0.0589817
0.00958982  0.0617359
 0.0107896  0.0642202
 0.0121362  0.0663944
 0.0136477  0.0682179
 0.0153442  0.0696721
 0.0172484   0.070758
 0.0193858  0.0714943
 0.0217849   0.071915
 0.0244777  0.0720566
 0.0275001  0.0719647
 0.0308926  0.0716753
 0.0347005  0.0712169
 0.0389746  0.0706003
 0.0437719  0.0698434
 0.0491566  0.0689477
 0.0552005  0.0679292
 0.0619844  0.0668209
 0.0695988   0.065634
 0.0781455  0.0643894
 0.0877386  0.0631577
 0.0985062  0.0620188
  0.110592  0.0609872
  0.124158  0.0601022
  0.139384  0.0594594
  0.156474  0.0589059
  0.175657  0.0585346
  0.197189  0.0581045
  0.221357  0.0579728
  0.248483  0.0572366
  0.278931  0.0571759
  0.314615  0.0548216
   0.35378  0.0543862
  0.392945  0.0524116
   0.43211  0.0505737
  0.471275   0.048496
   0.51044  0.0466289
  0.549604  0.0446801
  0.588769  0.0427917
  0.627934  0.0408817
  0.667099  0.0389543
  0.706264  0.0369651
  0.745429  0.0349646
  0.784593  0.0331597
  0.823758  0.0314288
  0.862923  0.0298724
  0.902088   0.028619
  0.941253  0.0276101
  0.980418  0.0270858
   1.01958  0.0270936
   1.05875  0.0275776
   1.09791   0.028369
   1.13708  0.0295866
   1.17624  0.0311619
   1.21541  0.0328473
   1.25457  0.0344622
   1.29374  0.0363298
    1.3329  0.0383296
   1.37207  0.0402183
   1.41123  0.0419758
    1.4504  0.0440853
   1.48956  0.0459684
   1.52873  0.0479273
   1.56789  0.0498857
   1.60706  0.0514967
   1.64622  0.0533512
   1.68539  0.0536972
   1.72107  0.0561026
   1.75152  0.0563382
   1.77865  0.0572238
   1.80281  0.0576722
   1.82434  0.0583457
   1.84353   0.058795
   1.86062  0.0594921
   1.87584  0.0602018
   1.88941  0.0611247
    1.9015  0.0621649
   1.91226  0.0633487
   1.92186  0.0646133
    1.9304  0.0658803
   1.93802  0.0671228
    1.9448  0.0682742
   1.95084  0.0693185
   1.95623  0.0702378
   1.96103  0.0710151
    1.9653  0.0716552
   1.96911  0.0721435
    1.9725  0.0724584
   1.97552  0.0725698
   1.97822  0.0724471
   1.98061  0.0720472
   1.98275   0.071328
   1.98466  0.0702521
   1.98635  0.0688021
   1.98786  0.0669785
   1.98921  0.0648001
   1.99041  0.0623073
   1.99148  0.0595404
   1.99243   0.056556
   1.99333   0.053235
   1.99421  0.0493073
    1.9951  0.0446343
     1.996  0.0390996
   1.99689  0.0325735
   1.99777  0.0249448
   1.99867  0.0160931
   1.99956 0.00589098
