1.082839909940958023e-02 2.181810486945323646e-05 2.934067711013454982e-10 8.120713573589455336e-06 1.240935029864311145e+00 -1.039956792582961559e-01 -8.152347033610567563e-04 5.634737968444824219e+00 1.045646572113037109e+01 6.938222408294677734e+00
3.247369825839996338e-02 1.954694453161209822e-04 2.635425744301755913e-08 6.432153168134391308e-05 1.264281799316406163e+00 -2.705238031304907018e-02 -1.365311463945545305e-03 5.711861133575439453e+00 8.631509780883789062e+00 6.766260623931884766e+00
5.409580096602439880e-02 5.413917242549359798e-04 1.815577235220189323e-07 1.616994995856657624e-04 1.277011111736297666e+00 -2.738624755498312788e-02 -1.815950753676588572e-03 5.746289730072021484e+00 8.293847084045410156e+00 6.617771625518798828e+00
7.567100226879119873e-02 1.057183020748198032e-03 6.350578019009844866e-07 2.883175329770892859e-04 1.282170038223266584e+00 -3.514686541369883149e-02 -2.236634353903354903e-03 5.741185188293457031e+00 8.102883338928222656e+00 6.464898109436035156e+00
9.716362506151199341e-02 1.737421727739274502e-03 1.577676130182226188e-06 4.346353525761514902e-04 1.279077005863189731e+00 -4.688611355167813383e-02 -2.627684377657715353e-03 5.690639972686767578e+00 7.971792697906494141e+00 6.306197166442871094e+00
1.185268536210060120e-01 2.572109689936041832e-03 3.200725132046500221e-06 5.930673796683549881e-04 1.267249811649322488e+00 -6.191299075144342939e-02 -2.988757084138341999e-03 5.593070983886718750e+00 7.874564647674560547e+00 6.143824577331542969e+00
1.397046148777008057e-01 3.545796964317560196e-03 5.684997631760779768e-06 7.576940697617828846e-04 1.246732823371887289e+00 -7.972799382556695902e-02 -3.323548774002119729e-03 5.452151775360107422e+00 7.798515319824218750e+00 5.980928897857666016e+00
1.606339365243911743e-01 4.637535661458969116e-03 9.191322533297352493e-06 9.240178624168038368e-04 1.218117926597595213e+00 -9.979319474901421350e-02 -3.636021698999684221e-03 5.275872707366943359e+00 7.735558986663818359e+00 5.820837974548339844e+00
1.812483072280883789e-01 5.821716506034135818e-03 1.385470659442944452e-05 1.088765915483236313e-03 1.182424796223640495e+00 -1.215615551301743869e-01 -3.926991046406328768e-03 5.074522495269775391e+00 7.679799556732177734e+00 5.666213989257812500e+00
2.014809548854827881e-01 7.069546729326248169e-03 1.978213003894779831e-05 1.249673776328563690e-03 1.140937707424163783e+00 -1.444999117941188072e-01 -4.191662837751210062e-03 4.858840942382812500e+00 7.627047061920166016e+00 5.518936157226562500e+00
2.212676554918289185e-01 8.350997231900691986e-03 2.705291626625694335e-05 1.405280549079179764e-03 1.095031155228614717e+00 -1.681060086789075148e-01 -4.420572679053293846e-03 4.638503074645996094e+00 7.574281692504882812e+00 5.380125522613525391e+00
2.405500560998916626e-01 9.636722505092620850e-03 3.572027344489470124e-05 1.554738497361540794e-03 1.046040629386901788e+00 -1.919228762346319728e-01 -4.600923510093707543e-03 4.421357154846191406e+00 7.519487380981445312e+00 5.250172138214111328e+00
2.592773139476776123e-01 1.089973375201225281e-02 4.581394750857725739e-05 1.697641797363758087e-03 9.951816233396529876e-01 -2.155475461264140802e-01 -4.721694787818705476e-03 4.213238716125488281e+00 7.461355209350585938e+00 5.129075050354003906e+00
2.774076461791992188e-01 1.211671065539121628e-02 5.734270234825089574e-05 1.833893707953393459e-03 9.434921919107437382e-01 -2.386378582580946373e-01 -4.777481571480166229e-03 4.018085956573486328e+00 7.399230480194091797e+00 5.016554355621337891e+00
2.949089407920837402e-01 1.326869986951351166e-02 7.029769767541438341e-05 1.963586546480655670e-03 8.918269716501235900e-01 -2.609110112509224755e-01 -4.768800385529175546e-03 3.838234663009643555e+00 7.332767963409423828e+00 4.912240982055664062e+00
3.117590844631195068e-01 1.434144005179405212e-02 8.465588325634598732e-05 2.086928812786936760e-03 8.408568542003631574e-01 -2.821558670965023108e-01 -4.702375888766254994e-03 3.674760103225708008e+00 7.262080669403076172e+00 4.815679073333740234e+00
3.281304836273193359e-01 1.533702202141284943e-02 1.005751328193582594e-04 2.205633558332920074e-03 7.905816110372543282e-01 -3.024781122421845714e-01 -4.585639793775044687e-03 3.526390075683593750e+00 7.187006473541259766e+00 4.725496292114257812e+00
3.444514274597167969e-01 1.627222821116447449e-02 1.185983855975791812e-04 2.323137596249580383e-03 7.400326704978943404e-01 -3.223030858868732862e-01 -4.421500935350195817e-03 3.389562845230102539e+00 7.105805873870849609e+00 4.639093399047851562e+00
3.609239459037780762e-01 1.714550517499446869e-02 1.392292033415287733e-04 2.440945245325565338e-03 6.887251706123351802e-01 -3.416781372446566767e-01 -4.209765374253038143e-03 3.262898921966552734e+00 7.016412734985351562e+00 4.555113315582275391e+00
3.774749040603637695e-01 1.794082112610340118e-02 1.627230085432529449e-04 2.558731008321046829e-03 6.371071695089339793e-01 -3.602958905166014913e-01 -3.951231975210248853e-03 3.147532939910888672e+00 6.918585777282714844e+00 4.473810195922851562e+00
3.940310180187225342e-01 1.864435896277427673e-02 1.893364824354648590e-04 2.676154021173715591e-03 5.856144414544105503e-01 -3.778680896859150651e-01 -3.646573952282778849e-03 3.044202566146850586e+00 6.812256336212158203e+00 4.395397186279296875e+00
4.105183482170104980e-01 1.924517378211021423e-02 2.193239051848649979e-04 2.792862942442297935e-03 5.346633233428000898e-01 -3.941199883520603020e-01 -3.298050197030534102e-03 2.953335046768188477e+00 6.697710514068603516e+00 4.320027828216552734e+00
4.268674552440643311e-01 1.973563060164451599e-02 2.529327757656574249e-04 2.908480353653430939e-03 4.846425254940986416e-01 -4.087918272223323712e-01 -2.910891316190827513e-03 2.875017166137695312e+00 6.575384616851806641e+00 4.247884750366210938e+00
4.430129528045654297e-01 2.011162228882312775e-02 2.903974091168493032e-04 3.022610442712903023e-03 4.359063897728919779e-01 -4.216471137627958998e-01 -2.491242744494229569e-03 2.809074401855468750e+00 6.445942401885986328e+00 4.179108619689941406e+00
4.588955044746398926e-01 2.037258818745613098e-02 3.319306415505707264e-04 3.134826663881540298e-03 3.887682604193687386e-01 -4.324827725738287221e-01 -2.039522942955954848e-03 2.755084514617919922e+00 6.310346603393554688e+00 4.113802909851074219e+00
4.744642078876495361e-01 2.052113227546215057e-02 3.777169913519173861e-04 3.244693391025066376e-03 3.434971947669983039e-01 -4.411313740611076395e-01 -1.544966411092900654e-03 2.712431669235229492e+00 6.169626712799072266e+00 4.051994323730468750e+00
4.896752834320068359e-01 2.056258358061313629e-02 4.279051208868622780e-04 3.351758467033505440e-03 3.003124261200427747e-01 -4.474629905670881036e-01 -9.928447206038982717e-04 2.680363416671752930e+00 6.024978637695312500e+00 3.993716478347778320e+00
5.044938921928405762e-01 2.050445787608623505e-02 4.826008807867765427e-04 3.455584403127431870e-03 2.593765020817518363e-01 -4.513826853036880249e-01 -3.806727919727563949e-04 2.658000230789184570e+00 5.877580165863037109e+00 3.939037322998046875e+00
5.188936591148376465e-01 2.035578526556491852e-02 5.418588407337665558e-04 3.555750939995050430e-03 2.207963574081659441e-01 -4.528286198228597681e-01 2.735911181371193397e-04 2.644398689270019531e+00 5.728511810302734375e+00 3.888113975524902344e+00
5.328561663627624512e-01 2.012657746672630310e-02 6.056761485524475574e-04 3.651845501735806465e-03 1.846263081878423695e-01 -4.517759482115507041e-01 9.407309743983205755e-04 2.638582468032836914e+00 5.578797817230224609e+00 3.841104269027709961e+00
5.463705062866210938e-01 1.982729509472846985e-02 6.739877280779182911e-04 3.743469249457120895e-03 1.508778240066021570e-01 -4.482410571277141709e-01 1.590709417516336438e-03 2.639585018157958984e+00 5.429413795471191406e+00 3.797926425933837891e+00
5.594311952590942383e-01 1.946840249001979828e-02 7.466614479199051857e-04 3.830199828371405602e-03 1.195342185790650574e-01 -4.422853277921676707e-01 2.182318315080920054e-03 2.646486043930053711e+00 5.281261920928955078e+00 3.758250713348388672e+00
5.720394849777221680e-01 1.906010508537292480e-02 8.234961424022912979e-04 3.911609761416912079e-03 9.056683378200977574e-02 -4.340122576355934236e-01 2.654908971890108851e-03 2.658393144607543945e+00 5.135260581970214844e+00 3.721737623214721680e+00
5.841997265815734863e-01 1.861195079982280731e-02 9.042202145792543888e-04 3.987307194620370865e-03 6.394647796404752393e-02 -4.235609506368637200e-01 2.982770664885720305e-03 2.674494981765747070e+00 4.992325305938720703e+00 3.687983989715576172e+00
5.959201455116271973e-01 1.813267171382904053e-02 9.884930914267897606e-04 4.057012964040040970e-03 3.964021544470779090e-02 -4.111011950075626475e-01 3.240396752556989803e-03 2.694015979766845703e+00 4.853294372558593750e+00 3.656367301940917969e+00
6.072116494178771973e-01 1.762994378805160522e-02 1.075904350727796555e-03 4.120641853660345078e-03 1.759394107441767177e-02 -3.968387140631675636e-01 3.520776845427463046e-03 2.716223001480102539e+00 4.719000816345214844e+00 3.626518011093139648e+00
6.180875301361083984e-01 1.711040362715721130e-02 1.165979425422847271e-03 4.178272560238838196e-03 -2.289744879992213020e-03 -3.810132091343402805e-01 3.799326012522215041e-03 2.740452527999877930e+00 4.590311527252197266e+00 3.598675727844238281e+00
6.285628080368041992e-01 1.657980680465698242e-02 1.258180593140423298e-03 4.229997750371694565e-03 -2.015596126406308045e-02 -3.638797643482685196e-01 3.976525963600579389e-03 2.766095876693725586e+00 4.468060970306396484e+00 3.573276281356811523e+00
6.386541724205017090e-01 1.604333892464637756e-02 1.351912156678736210e-03 4.275827202945947647e-03 -3.615001686669711695e-02 -3.456788917481899426e-01 3.996007743975496865e-03 2.792481422424316406e+00 4.352787971496582031e+00 3.550296306610107422e+00
6.483791470527648926e-01 1.550589594990015030e-02 1.446516951546072960e-03 4.315805621445178986e-03 -5.032656692911405272e-02 -3.266277124881744598e-01 3.718385661326465211e-03 2.819123029708862305e+00 4.244566917419433594e+00 3.529070138931274414e+00
6.577572226524353027e-01 1.497214380651712418e-02 1.541285775601863861e-03 4.350151866674423218e-03 -6.264894777210429366e-02 -3.069369194656610400e-01 2.858108113025082178e-03 2.846027135848999023e+00 4.143312454223632812e+00 3.509175539016723633e+00
6.668058633804321289e-01 1.444628555327653885e-02 1.635474385693669319e-03 4.379149526357650757e-03 -7.309290998041251264e-02 -2.868196444213390595e-01 1.254406091145938247e-03 2.873205900192260742e+00 4.049079895019531250e+00 3.490758657455444336e+00
6.755450367927551270e-01 1.393197290599346161e-02 1.728339702822268009e-03 4.402976017445325851e-03 -8.173188323434442404e-02 -2.664647691994905254e-01 -8.996615328651386828e-04 2.900319576263427734e+00 3.961978197097778320e+00 3.474301815032958984e+00
6.839929819107055664e-01 1.343230716884136200e-02 1.819175900891423225e-03 4.421906545758247375e-03 -8.869852787419221785e-02 -2.460411603301763672e-01 -3.169086952948418738e-03 2.927006483078002930e+00 3.881942987442016602e+00 3.459802389144897461e+00
6.921710371971130371e-01 1.294987648725509644e-02 1.907344325445592403e-03 4.436390940099954605e-03 -9.408078001125250167e-02 -2.257362686991691569e-01 -5.068344906900620374e-03 2.952765226364135742e+00 3.808736324310302734e+00 3.447038412094116211e+00
7.001014351844787598e-01 1.248640660196542740e-02 1.992267323657870293e-03 4.446705803275108337e-03 -9.780210717162117484e-02 -2.057773025110364029e-01 -6.499596704470604960e-03 2.976848125457763672e+00 3.742067337036132812e+00 3.434586286544799805e+00
7.078052759170532227e-01 1.204288471490144730e-02 2.073433948680758476e-03 4.453080240637063980e-03 -9.987943687802181003e-02 -1.863665461391210421e-01 -7.621626186097273277e-03 2.999353170394897461e+00 3.681513786315917969e+00 3.421789646148681641e+00
7.153010368347167969e-01 1.162047591060400009e-02 2.150379354134202003e-03 4.455884918570518494e-03 -1.004605161501967853e-01 -1.677307535298168673e-01 -8.515230914039420909e-03 3.020253419876098633e+00 3.626621007919311523e+00 3.408460617065429688e+00
7.226069569587707520e-01 1.122069731354713440e-02 2.222696319222450256e-03 4.454902373254299164e-03 -9.937722851202124286e-02 -1.500838679955340815e-01 -9.303850855416385957e-03 3.038862943649291992e+00 3.577285289764404297e+00 3.394571542739868164e+00
7.297434210777282715e-01 1.084528118371963501e-02 2.290057949721813202e-03 4.449666943401098251e-03 -9.651678001758409731e-02 -1.335480571938678640e-01 -1.005953535606386208e-02 3.054551601409912109e+00 3.533491611480712891e+00 3.380637884140014648e+00
7.367349863052368164e-01 1.049398351460695267e-02 2.352238632738590240e-03 4.440678749233484268e-03 -9.152982347125361573e-02 -1.182594363396056031e-01 -1.060301913291914443e-02 3.066656112670898438e+00 3.494932174682617188e+00 3.367378234863281250e+00
7.436092495918273926e-01 1.016701385378837585e-02 2.409124979749321938e-03 4.429089371114969254e-03 -8.494863269801135319e-02 -1.043402548832818855e-01 -1.083444919994508426e-02 3.076387166976928711e+00 3.461357116699218750e+00 3.354387760162353516e+00
7.503868341445922852e-01 9.866379201412200928e-03 2.460584277287125587e-03 4.415611270815134048e-03 -7.743966777595051587e-02 -9.185332244657910816e-02 -1.064760341762576064e-02 3.084135293960571289e+00 3.432255983352661133e+00 3.340827941894531250e+00
7.570818662643432617e-01 9.590434841811656952e-03 2.506788820028305054e-03 4.400009755045175552e-03 -6.901284409108483786e-02 -8.066194302611984224e-02 -1.016919068564311676e-02 3.088493824005126953e+00 3.407220363616943359e+00 3.328394889831542969e+00
7.637164592742919922e-01 9.335740469396114349e-03 2.548082033172249794e-03 4.382011480629444122e-03 -5.984259881561138084e-02 -7.073429596258211383e-02 -9.029220565222203371e-03 3.089733362197875977e+00 3.385305166244506836e+00 3.318154811859130859e+00
7.703143954277038574e-01 9.102106094360351562e-03 2.584722125902771950e-03 4.360923077911138535e-03 -5.074294961121631614e-02 -6.202439260121900277e-02 -7.050122334330808510e-03 3.089229583740234375e+00 3.365878820419311523e+00 3.307836771011352539e+00
7.768962383270263672e-01 8.889819495379924774e-03 2.616996411234140396e-03 4.337199032306671143e-03 -4.261277377343503786e-02 -5.444883005844167179e-02 -5.254554162864223665e-03 3.088644266128540039e+00 3.348054647445678711e+00 3.297202825546264648e+00
7.834910750389099121e-01 8.695859462022781372e-03 2.645143307745456696e-03 4.312111064791679382e-03 -3.575291041677701454e-02 -4.781552029516387969e-02 -4.118791139408130991e-03 3.087086677551269531e+00 3.331428527832031250e+00 3.285611629486083984e+00
7.901121973991394043e-01 8.517057634890079498e-03 2.669614739716053009e-03 4.285304807126522064e-03 -2.962570307984424209e-02 -4.184016084309405414e-02 -3.398912199481855974e-03 3.083306550979614258e+00 3.316535949707031250e+00 3.274045944213867188e+00
7.967557311058044434e-01 8.349884301424026489e-03 2.690262626856565475e-03 4.258737433701753616e-03 -2.363167657452868234e-02 -3.662842098553664716e-02 -2.664755724836140750e-03 3.077170133590698242e+00 3.302367925643920898e+00 3.260710239410400391e+00
8.034277558326721191e-01 8.194187656044960022e-03 2.706985920667648315e-03 4.232579376548528671e-03 -1.817652425443520847e-02 -3.233042894044774879e-02 -2.482615661938325415e-03 3.068735122680664062e+00 3.288052320480346680e+00 3.245135545730590820e+00
8.101352453231811523e-01 8.050695993006229401e-03 2.720294054597616196e-03 4.204222466796636581e-03 -1.463048499100841511e-02 -2.833373879183636798e-02 -3.202923208693391442e-03 3.061369895935058594e+00 3.275243043899536133e+00 3.229605913162231445e+00
8.168967366218566895e-01 7.915964350104331970e-03 2.730528591200709343e-03 4.171802196651697159e-03 -1.204770178551552856e-02 -2.430253920586255764e-02 -3.943166377170201006e-03 3.055431365966796875e+00 3.262699365615844727e+00 3.215006828308105469e+00
8.237314224243164062e-01 7.787608075886964798e-03 2.738627139478921890e-03 4.135006573051214218e-03 -9.004953521012794976e-03 -2.004215822876722133e-02 -4.323755503646680223e-03 3.049263238906860352e+00 3.251822948455810547e+00 3.207588195800781250e+00
8.306268453598022461e-01 7.667149417102336884e-03 2.743531716987490654e-03 4.096050281077623367e-03 -6.855191066682891909e-03 -1.611002855713013562e-02 -4.218342036248941274e-03 3.043068170547485352e+00 3.242418050765991211e+00 3.204935789108276367e+00
8.375866413116455078e-01 7.553038652986288071e-03 2.745273523032665253e-03 4.053574521094560623e-03 -6.049687259292113595e-03 -1.131117966229794498e-02 -4.941311170114204288e-03 3.038746595382690430e+00 3.233186006546020508e+00 3.201353311538696289e+00
8.446322083473205566e-01 7.441566791385412216e-03 2.744094002991914749e-03 4.008668474853038788e-03 -6.812681448998774043e-03 -5.669354117475450087e-03 -7.564704824828368153e-03 3.034234285354614258e+00 3.223464727401733398e+00 3.191807031631469727e+00
8.517678380012512207e-01 7.327935658395290375e-03 2.740232273936271667e-03 3.966229502111673355e-03 -8.676164513577533030e-03 5.015214179293252597e-04 -8.829436237872868506e-03 3.026476383209228516e+00 3.215191364288330078e+00 3.183252573013305664e+00
8.589978218078613281e-01 7.218057755380868912e-03 2.733602654188871384e-03 3.927294164896011353e-03 -1.143847085135348690e-02 6.715298002418421987e-03 -6.435293005553830749e-03 3.018013000488281250e+00 3.209116458892822266e+00 3.176583290100097656e+00
8.663318753242492676e-01 7.112287450581789017e-03 2.723000477999448776e-03 3.887424943968653679e-03 -1.504280706902500278e-02 1.269052500755060535e-02 -5.361095719970762445e-03 3.014699459075927734e+00 3.201941490173339844e+00 3.171202898025512695e+00
8.737893104553222656e-01 7.006882689893245697e-03 2.707511652261018753e-03 3.848628839477896690e-03 -2.100697561416018169e-02 1.864135368498318762e-02 -6.213111275763367330e-03 3.015114784240722656e+00 3.198112010955810547e+00 3.163646697998046875e+00
8.813770413398742676e-01 6.903173401951789856e-03 2.688864711672067642e-03 3.807150060310959816e-03 -2.766170653526205461e-02 2.519083158731518640e-02 -8.505215817334828288e-03 3.015050172805786133e+00 3.195277690887451172e+00 3.153428316116333008e+00
8.891321420669555664e-01 6.801074836403131485e-03 2.667767927050590515e-03 3.763992805033922195e-03 -3.276287107612006061e-02 3.145952241645136316e-02 -8.482905230426695739e-03 3.010951757431030273e+00 3.194939851760864258e+00 3.144094467163085938e+00
8.970401883125305176e-01 6.701761391013860703e-03 2.645397791638970375e-03 3.715601516887545586e-03 -4.049659242003690596e-02 3.706685095374268740e-02 -9.243627427640604272e-03 3.009917974472045898e+00 3.193364620208740234e+00 3.134975433349609375e+00
9.051091074943542480e-01 6.599758286029100418e-03 2.619241364300251007e-03 3.665540600195527077e-03 -4.982578136109805378e-02 4.316248542799439730e-02 -7.126354224223177894e-03 3.012740373611450195e+00 3.189972162246704102e+00 3.122075796127319336e+00
9.133724570274353027e-01 6.497969850897789001e-03 2.591040916740894318e-03 3.618425922468304634e-03 -6.175705222843680398e-02 5.156460418790084071e-02 -5.162559474061708883e-03 3.019179105758666992e+00 3.187416553497314453e+00 3.113849401473999023e+00
9.218174815177917480e-01 6.382403429597616196e-03 2.560453489422798157e-03 3.566686064004898071e-03 -7.593550906330347183e-02 6.173998763115377819e-02 -8.194563721684972393e-03 3.023874282836914062e+00 3.185197830200195312e+00 3.107605457305908203e+00
9.304204583168029785e-01 6.255734246224164963e-03 2.526972675696015358e-03 3.510849550366401672e-03 -8.888376286689890493e-02 7.073893910762854564e-02 -1.032051115958751084e-02 3.029524326324462891e+00 3.181180715560913086e+00 3.103508472442626953e+00
9.392705559730529785e-01 6.119556259363889694e-03 2.489435253664851189e-03 3.448541276156902313e-03 -1.014465972573379976e-01 8.038881383926491098e-02 -1.309337965108716209e-02 3.041020393371582031e+00 3.179760456085205078e+00 3.097168445587158203e+00
9.482296705245971680e-01 5.983380600810050964e-03 2.448131097480654716e-03 3.375375410541892052e-03 -1.178846644214354422e-01 9.198422531597316709e-02 -1.003420548021677003e-02 3.051975727081298828e+00 3.177707433700561523e+00 3.081199169158935547e+00
9.580675363540649414e-01 5.840247962623834610e-03 2.402027137577533722e-03 3.308598650619387627e-03 -1.308728513972309826e-01 9.503087888378650150e-02 -3.581180026609217647e-03 3.055682182312011719e+00 3.171992063522338867e+00 3.083676815032958984e+00
9.684919118881225586e-01 5.677134729921817780e-03 2.352695446461439133e-03 3.232493298128247261e-03 -1.493284472411032793e-01 9.696275458857417373e-02 -6.455614284262992629e-03 3.071309089660644531e+00 3.166225433349609375e+00 3.099827051162719727e+00
9.783963561058044434e-01 5.504364613443613052e-03 2.303591696545481682e-03 3.147021401673555374e-03 -1.687378082424402237e-01 1.056287720538675728e-01 -5.362380700244102211e-03 3.084191799163818359e+00 3.164509534835815430e+00 3.107858180999755859e+00
9.879186153411865234e-01 5.330988671630620956e-03 2.252563368529081345e-03 3.052000887691974640e-03 -1.867039206065237433e-01 1.191990800201892797e-01 -7.611336693895282175e-03 3.095591306686401367e+00 3.167878389358520508e+00 3.120423316955566406e+00
9.970020651817321777e-01 5.153839010745286942e-03 2.204895485192537308e-03 2.965107327327132225e-03 -2.035687369294464644e-01 1.314044982194900457e-01 -7.993772857686962802e-03 3.110693931579589844e+00 3.178982257843017578e+00 3.129045248031616211e+00
1.005741119384765625e+00 4.974065348505973816e-03 2.149339299649000168e-03 2.883350942283868790e-03 -2.210774699747562466e-01 1.437983527444303133e-01 -7.755315340808010757e-03 3.131485939025878906e+00 3.189424753189086914e+00 3.139240503311157227e+00
1.014198541641235352e+00 4.794989712536334991e-03 2.093557268381118774e-03 2.803103066980838776e-03 -2.420541015267372031e-01 1.574724657237529801e-01 -7.610666682652663870e-03 3.157129764556884766e+00 3.197969675064086914e+00 3.138965606689453125e+00
1.022331118583679199e+00 4.628172144293785095e-03 2.040140330791473389e-03 2.714050933718681335e-03 -2.633045835494995379e-01 1.759626796096563361e-01 -4.658568264174391647e-03 3.180276632308959961e+00 3.209310054779052734e+00 3.149196147918701172e+00
1.030171513557434082e+00 4.466250538825988770e-03 1.986258896067738533e-03 2.622884698212146759e-03 -2.860857293456792738e-01 1.930269573032855901e-01 -4.385221616888884504e-03 3.205282926559448242e+00 3.218586683273315430e+00 3.157716512680053711e+00
1.037735700607299805e+00 4.305486567318439484e-03 1.935195294208824635e-03 2.537468913942575455e-03 -3.102952200025320129e-01 2.075446677356958258e-01 -2.751966718657058563e-03 3.235067367553710938e+00 3.241319894790649414e+00 3.178141832351684570e+00
1.045131325721740723e+00 4.145441111177206039e-03 1.885698758997023106e-03 2.455395646393299103e-03 -3.353661237657070138e-01 2.216205480545759277e-01 -9.379496231449593185e-03 3.278923034667968750e+00 3.266353845596313477e+00 3.202210426330566406e+00
1.052286267280578613e+00 3.987848293036222458e-03 1.833230140618979931e-03 2.370197325944900513e-03 -3.572762537300586683e-01 2.379295353591442119e-01 -1.153058833295654041e-02 3.311993598937988281e+00 3.296021461486816406e+00 3.224920988082885742e+00
1.059203267097473145e+00 3.834198694676160812e-03 1.778575126081705093e-03 2.284021815285086632e-03 -3.776713377237320146e-01 2.539989263117313212e-01 -1.382116409987065725e-02 3.335345506668090820e+00 3.313897848129272461e+00 3.251865148544311523e+00
1.065855979919433594e+00 3.693416016176342964e-03 1.725521520711481571e-03 2.193886786699295044e-03 -3.998767648339271452e-01 2.693514452278614191e-01 -1.330660229778732155e-02 3.364873409271240234e+00 3.332304954528808594e+00 3.287746667861938477e+00
1.072238683700561523e+00 3.558757249265909195e-03 1.671981764957308769e-03 2.104662591591477394e-03 -4.205982582271098891e-01 2.848571943342685930e-01 -1.015363193582743441e-02 3.403817892074584961e+00 3.356660127639770508e+00 3.308702945709228516e+00
1.078377246856689453e+00 3.415854414924979210e-03 1.615446992218494415e-03 2.016174839809536934e-03 -4.403507753908634248e-01 2.988806503713131169e-01 -1.007079901997349168e-02 3.437502861022949219e+00 3.376900434494018555e+00 3.342806339263916016e+00
1.084338426589965820e+00 3.264069091528654099e-03 1.558987423777580261e-03 1.926886034198105335e-03 -4.624820869565010040e-01 3.126759265959263012e-01 -5.917887117218924818e-03 3.483802795410156250e+00 3.399450778961181641e+00 3.357630252838134766e+00
1.090088129043579102e+00 3.110801801085472107e-03 1.504923799075186253e-03 1.837525982409715652e-03 -4.814278618097305174e-01 3.232427465021610047e-01 -2.465593941229599333e-03 3.527520179748535156e+00 3.419628143310546875e+00 3.380033254623413086e+00
1.095572710037231445e+00 2.954356139525771141e-03 1.453744014725089073e-03 1.749190385453402996e-03 -4.969431151151657011e-01 3.350885194540023648e-01 3.065216200600844043e-03 3.556888103485107422e+00 3.445138692855834961e+00 3.409943580627441406e+00
1.100783586502075195e+00 2.806719392538070679e-03 1.403755159117281437e-03 1.661866903305053711e-03 -5.124604867994785318e-01 3.442403494417667353e-01 8.972113549825735598e-03 3.587172985076904297e+00 3.473942995071411133e+00 3.437393665313720703e+00
1.105810284614562988e+00 2.659603487700223923e-03 1.354754436761140823e-03 1.576539361849427223e-03 -5.244179581403731749e-01 3.543841665983200051e-01 1.099469971575308541e-02 3.610708236694335938e+00 3.506614685058593750e+00 3.462076902389526367e+00
1.110642075538635254e+00 2.513607498258352280e-03 1.307352562434971333e-03 1.495300210081040859e-03 -5.356138806939124697e-01 3.631836401224136091e-01 1.372246175564214438e-02 3.644998311996459961e+00 3.535860061645507812e+00 3.493917942047119141e+00
1.115199565887451172e+00 2.374982926994562149e-03 1.260638004168868065e-03 1.418481697328388691e-03 -5.540146206021309139e-01 3.700165426135063051e-01 1.342490375286433876e-02 3.711404561996459961e+00 3.574301719665527344e+00 3.527744531631469727e+00
1.119520783424377441e+00 2.246361225843429565e-03 1.215017051436007023e-03 1.344190794043242931e-03 -5.708072434663772343e-01 3.758326178193092115e-01 9.322334825410507134e-03 3.776412725448608398e+00 3.610052347183227539e+00 3.555083513259887695e+00
1.123636364936828613e+00 2.121357712894678116e-03 1.172694494016468525e-03 1.274376059882342815e-03 -5.862353441715240088e-01 3.780643763542175240e-01 1.506848889170214539e-03 3.853249073028564453e+00 3.642316341400146484e+00 3.587774991989135742e+00
1.127477765083312988e+00 2.000122331082820892e-03 1.132521661929786205e-03 1.211413065902888775e-03 -5.946458982825278961e-01 3.753863857388496372e-01 -4.343515654793008926e-03 3.916936397552490234e+00 3.678036689758300781e+00 3.619547605514526367e+00
1.130988001823425293e+00 1.885722624137997627e-03 1.094831270165741444e-03 1.151923090219497681e-03 -5.972154212594031897e-01 3.689837523996830071e-01 4.499011048526881107e-03 3.970288753509521484e+00 3.726300477981567383e+00 3.633708715438842773e+00
1.134221434593200684e+00 1.775726792402565479e-03 1.058925758115947247e-03 1.096505671739578247e-03 -5.979247672557830295e-01 3.541461101770401187e-01 1.923927348514553127e-03 4.030972957611083984e+00 3.765165805816650391e+00 3.642211914062500000e+00
1.137155890464782715e+00 1.673779217526316643e-03 1.025626435875892639e-03 1.049018348567187786e-03 -5.952639445662498696e-01 3.328675114512443800e-01 -6.967708033917005897e-03 4.090918540954589844e+00 3.801096200942993164e+00 3.661772966384887695e+00
1.139797329902648926e+00 1.579827279783785343e-03 9.955036221072077751e-04 1.006256788969039917e-03 -5.833598949909210019e-01 3.088159583210944859e-01 -7.949881320353596736e-03 4.112031936645507812e+00 3.830679893493652344e+00 3.658659219741821289e+00
1.142105937004089355e+00 1.498120022006332874e-03 9.689853759482502937e-04 9.653663146309554577e-04 -5.662635706663131652e-01 2.794887976646423522e-01 -8.659706576261669980e-03 4.106180667877197266e+00 3.857902526855468750e+00 3.634890079498291016e+00
1.144080996513366699e+00 1.429444062523543835e-03 9.455930558033287525e-04 9.292038739658892155e-04 -5.486389311552047898e-01 2.410723385810852049e-01 -6.292557803957606923e-03 4.086811065673828125e+00 3.866208314895629883e+00 3.595892667770385742e+00
1.145708560943603516e+00 1.370980869978666306e-03 9.277086355723440647e-04 9.006661130115389824e-04 -5.269264725446700659e-01 1.991569352401420523e-01 -3.527212192595470877e-03 4.041955471038818359e+00 3.879488945007324219e+00 3.557684421539306641e+00
1.146917939186096191e+00 1.326725701801478863e-03 9.144586510956287384e-04 8.795351022854447365e-04 -5.042820335626602146e-01 1.523919610619195730e-01 -4.649832316616084489e-03 3.974016666412353516e+00 3.876553297042846680e+00 3.522178411483764648e+00
1.147720456123352051e+00 1.298069139011204243e-03 9.053510148078203201e-04 8.644392364658415318e-04 -4.871564394235610718e-01 1.018810380719069181e-01 -5.717557451745960799e-03 3.921637535095214844e+00 3.868212938308715820e+00 3.502822399139404297e+00
1.148131847381591797e+00 1.283179270103573799e-03 9.009151253849267960e-04 8.557461551390588284e-04 -4.741298629641532703e-01 4.843955949033261488e-02 -4.271007687319069990e-03 3.889895915985107422e+00 3.868197202682495117e+00 3.499725103378295898e+00
