 0.0002225 -0.0267524
 0.0006675 -0.0256098
 0.0011125 -0.0247203
 0.0015575 -0.0239692
 0.0020025 -0.0232725
 0.0024475 -0.0225709
 0.0028925 -0.0218277
 0.0033375 -0.0210285
 0.0037825 -0.0201802
 0.0042275 -0.0193053
 0.0046725 -0.0184352
 0.0051175 -0.0176028
 0.0055625 -0.0168363
 0.0060075 -0.0161557
 0.0064525 -0.0155714
 0.0068975 -0.0150843
 0.0073476 -0.0146811
0.00781612 -0.0143439
0.00831203 -0.0140664
0.00883694 -0.0138404
0.00939255 -0.0136524
0.00998065 -0.0134864
 0.0106031 -0.0133253
  0.011262 -0.0131529
 0.0119594 -0.0129555
 0.0126977 -0.0127229
  0.013479  -0.012449
 0.0143061 -0.0121319
 0.0151815 -0.0117729
 0.0161082 -0.0113761
  0.017089 -0.0109477
 0.0181271 -0.0104947
  0.019226 -0.0100244
 0.0203891 -0.00954394
 0.0216203 -0.00905969
 0.0229234 -0.00857726
 0.0243028 -0.00810131
 0.0257628 -0.00763561
 0.0273082 -0.00718315
  0.028944 -0.00674626
 0.0306754 -0.00632672
 0.0325081 -0.00592578
 0.0344479 -0.00554427
 0.0365012 -0.00518257
 0.0386746 -0.00484079
  0.040975 -0.00451877
   0.04341 -0.00421611
 0.0459873 -0.00393249
 0.0487154 -0.00366742
  0.051603 -0.00341999
 0.0546595 -0.00318916
 0.0578947 -0.0029739
 0.0613191 -0.00277355
 0.0649437 -0.00258733
 0.0687803 -0.00241409
 0.0728413 -0.00225277
 0.0771397 -0.00210271
 0.0816895 -0.00196311
 0.0865054 -0.00183318
 0.0916029 -0.00171242
 0.0969985 -0.0016003
   0.10271 -0.00149598
  0.108755 -0.0013988
  0.115153 -0.0013082
  0.121926 -0.00122377
  0.129095 -0.00114523
  0.136683 -0.00107217
  0.144715 -0.00100404
  0.153216 -0.000940391
  0.162214 -0.000881031
  0.171739 -0.000825632
  0.181821 -0.000773778
  0.192492 -0.000725247
  0.203788 -0.000679669
  0.215744 -0.000636661
  0.228399 -0.000596146
  0.241794 -0.000557836
  0.255972 -0.000521626
   0.27098 -0.000488125
  0.286865 -0.000452294
  0.304824 -0.000413996
  0.324407 -0.000385226
  0.343989 -0.000363579
  0.363571 -0.000343874
  0.383154 -0.000326123
  0.402736 -0.000309734
  0.422319 -0.000294477
  0.441901 -0.00028015
  0.461484 -0.000266572
  0.481066 -0.000253365
  0.500648 -0.00024047
  0.520231 -0.000228301
  0.539813 -0.000216932
  0.559396 -0.000206076
  0.578978 -0.000195612
   0.59856 -0.000185469
  0.618143 -0.000175596
  0.637725 -0.000166114
  0.657308 -0.000157161
   0.67689 -0.000148643
  0.696473 -0.000140583
  0.716055 -0.000132985
  0.735637 -0.000125727
   0.75522 -0.000118927
  0.774802 -0.000112479
  0.794385 -0.000106506
  0.813967 -0.000101049
  0.833549 -9.61008e-05
  0.853132 -9.16761e-05
  0.872714 -8.78148e-05
  0.892297 -8.44889e-05
  0.911879 -8.16534e-05
  0.931462 -7.93273e-05
  0.951044 -7.75766e-05
  0.970626 -7.63945e-05
  0.990209 -7.58154e-05
   1.00979 -7.58274e-05
   1.02937 -7.64324e-05
   1.04896 -7.76451e-05
   1.06854 -7.94231e-05
   1.08812 -8.17668e-05
    1.1077 -8.47173e-05
   1.12729 -8.81828e-05
   1.14687 -9.20744e-05
   1.16645 -9.64742e-05
   1.18603 -0.000101367
   1.20562 -0.00010669
    1.2252 -0.000112429
   1.24478 -0.000118598
   1.26436 -0.000125187
   1.28395 -0.000132183
   1.30353 -0.00013966
   1.32311 -0.000147648
   1.34269 -0.000156113
   1.36228 -0.000164916
   1.38186 -0.000174226
   1.40144 -0.000184014
   1.42102 -0.000194176
   1.44061 -0.000204731
   1.46019 -0.000215829
   1.47977 -0.000227416
   1.49935 -0.000239499
   1.51894 -0.000252241
   1.53852 -0.000265491
    1.5581 -0.000279504
   1.57768 -0.000294321
   1.59727 -0.000310018
   1.61685 -0.000326829
   1.63643 -0.000345351
   1.65601 -0.000365871
    1.6756 -0.000388511
   1.69518 -0.000418571
   1.71314 -0.000458371
   1.72902 -0.00049543
   1.74403 -0.000529751
   1.75821 -0.000566562
    1.7716 -0.000605276
   1.78426 -0.000646322
   1.79621 -0.000689751
   1.80751 -0.000735637
   1.81818 -0.000784342
   1.82826 -0.000836209
   1.83779 -0.00089162
   1.84679 -0.000950876
   1.85529 -0.00101432
   1.86332 -0.00108236
   1.87091 -0.00115529
   1.87808 -0.00123343
   1.88485 -0.00131741
   1.89125 -0.00140775
   1.89729  -0.001505
     1.903 -0.00160956
    1.9084 -0.00172182
    1.9135 -0.00184258
   1.91831 -0.00197252
   1.92286 -0.00211217
   1.92716 -0.00226214
   1.93122 -0.0024232
   1.93506 -0.00259617
   1.93868 -0.00278201
   1.94211 -0.00298166
   1.94534 -0.00319596
    1.9484 -0.00342594
   1.95129 -0.00367267
   1.95401 -0.00393707
   1.95659 -0.00421968
   1.95903 -0.00452102
   1.96133 -0.00484183
    1.9635 -0.00518248
   1.96555 -0.00554288
   1.96749 -0.0059229
   1.96933 -0.00632213
   1.97106 -0.00673979
   1.97269 -0.00717475
   1.97424 -0.0076254
    1.9757 -0.00808946
   1.97708 -0.0085639
   1.97838 -0.00904491
   1.97961 -0.00952783
   1.98077 -0.0100071
   1.98187 -0.0104764
   1.98291 -0.0109286
   1.98389 -0.0113565
   1.98482 -0.0117529
   1.98569 -0.0121118
   1.98652  -0.012429
    1.9873 -0.0127031
   1.98804 -0.0129359
   1.98874 -0.0131337
    1.9894 -0.0133064
   1.99002 -0.0134678
   1.99061  -0.013634
   1.99116 -0.0138221
   1.99169 -0.0140483
   1.99218  -0.014326
   1.99265 -0.0146637
    1.9931 -0.0150678
   1.99355 -0.0155563
   1.99399 -0.0161429
   1.99444 -0.0168266
   1.99488 -0.0175971
   1.99533 -0.0184343
   1.99577 -0.0193097
   1.99622 -0.0201904
   1.99666 -0.0210444
   1.99711 -0.0218491
   1.99755 -0.0225974
     1.998 -0.0233034
   1.99844 -0.0240042
   1.99889 -0.0247594
   1.99933 -0.0256533
   1.99978 -0.0268012
