 0.0002225 1.35938e-05
 0.0006675 0.000118215
 0.0011125 0.000320448
 0.0015575 0.00061423
 0.0020025 0.000993341
 0.0024475 0.00145057
 0.0028925  0.0019772
 0.0033375 0.00256277
 0.0037825 0.00319525
 0.0042275  0.0038615
 0.0046725 0.00454785
 0.0051175 0.00524088
 0.0055625 0.00592801
 0.0060075 0.00659807
 0.0064525 0.00724164
 0.0068975 0.00785126
 0.0073476 0.00842819
0.00781612 0.00898255
0.00831203 0.00951457
0.00883694  0.0100157
0.00939255  0.0104781
0.00998065  0.0108951
 0.0106031  0.0112614
  0.011262  0.0115734
 0.0119594   0.011829
 0.0126977  0.0120281
  0.013479  0.0121718
 0.0143061  0.0122627
 0.0151815  0.0123043
 0.0161082  0.0123007
  0.017089  0.0122568
 0.0181271  0.0121774
  0.019226  0.0120673
 0.0203891  0.0119313
 0.0216203  0.0117738
 0.0229234   0.011599
 0.0243028  0.0114105
 0.0257628  0.0112118
 0.0273082  0.0110059
  0.028944  0.0107956
 0.0306754  0.0105831
 0.0325081  0.0103707
 0.0344479  0.0101603
 0.0365012 0.00995339
 0.0386746 0.00975146
  0.040975 0.00955558
   0.04341 0.00936659
 0.0459873 0.00918506
 0.0487154 0.00901132
  0.051603 0.00884555
 0.0546595 0.00868778
 0.0578947 0.00853786
 0.0613191 0.00839544
 0.0649437 0.00826006
 0.0687803 0.00813135
 0.0728413  0.0080089
 0.0771397 0.00789218
 0.0816895 0.00778069
 0.0865054 0.00767397
 0.0916029 0.00757143
 0.0969985 0.00747267
   0.10271 0.00737728
  0.108755 0.00728455
  0.115153 0.00719369
  0.121926 0.00710398
  0.129095 0.00701468
  0.136683 0.00692549
  0.144715 0.00683632
  0.153216 0.00674676
  0.162214 0.00665629
  0.171739 0.00656407
  0.181821 0.00646979
  0.192492 0.00637321
  0.203788 0.00627464
  0.215744 0.00617498
  0.228399 0.00607496
  0.241794 0.00597235
  0.255972 0.00586497
   0.27098 0.00575216
  0.286865 0.00563338
  0.304824 0.00550112
  0.324407 0.00535149
  0.343989 0.00520456
  0.363571 0.00505685
  0.383154 0.00490824
  0.402736 0.00476003
  0.422319 0.00461371
  0.441901 0.00446761
  0.461484 0.00432024
  0.481066 0.00417359
  0.500648 0.00402736
  0.520231 0.00388289
  0.539813 0.00373895
  0.559396 0.00359645
  0.578978 0.00345514
   0.59856 0.00331465
  0.618143 0.00317446
  0.637725 0.00303761
  0.657308 0.00290535
   0.67689 0.00277725
  0.696473 0.00265322
  0.716055 0.00253344
  0.735637 0.00241826
   0.75522 0.00230702
  0.774802 0.00220039
  0.794385 0.00209926
  0.813967 0.00200348
  0.833549 0.00191447
  0.853132 0.00183341
  0.872714 0.00176147
  0.892297 0.00169904
  0.911879 0.00164624
  0.931462 0.00160359
  0.951044 0.00157176
  0.970626 0.00155098
  0.990209 0.00154129
   1.00979 0.00154273
   1.02937 0.00155599
   1.04896 0.00158171
   1.06854 0.00162001
   1.08812 0.00166949
    1.1077 0.00172906
   1.12729 0.00179841
   1.14687 0.00187634
   1.16645 0.00196145
   1.18603  0.0020537
   1.20562 0.00215332
    1.2252 0.00225881
   1.24478 0.00236999
   1.26436 0.00248726
   1.28395 0.00260977
   1.30353 0.00273613
   1.32311 0.00286476
   1.34269 0.00299608
   1.36228 0.00313229
   1.38186 0.00327105
   1.40144  0.0034126
   1.42102 0.00355845
   1.44061 0.00370757
   1.46019 0.00385692
   1.47977 0.00400733
   1.49935 0.00415821
   1.51894 0.00430969
   1.53852 0.00446014
    1.5581 0.00461053
   1.57768 0.00476136
   1.59727 0.00491081
   1.61685 0.00505772
   1.63643 0.00520222
   1.65601 0.00534454
    1.6756  0.0054889
   1.69518 0.00563878
   1.71314 0.00577136
   1.72902 0.00589167
   1.74403  0.0060057
   1.75821 0.00611325
    1.7716 0.00621538
   1.78426 0.00631291
   1.79621 0.00640616
   1.80751 0.00649547
   1.81818 0.00658261
   1.82826 0.00666821
   1.83779  0.0067526
   1.84679 0.00683578
   1.85529 0.00691836
   1.86332 0.00700085
   1.87091 0.00708399
   1.87808 0.00716834
   1.88485 0.00725377
   1.89125 0.00734045
   1.89729 0.00742906
     1.903 0.00752054
    1.9084 0.00761558
    1.9135 0.00771445
   1.91831 0.00781756
   1.92286 0.00792554
   1.92716 0.00803905
   1.93122 0.00815856
   1.93506 0.00828443
   1.93868 0.00841694
   1.94211 0.00855647
   1.94534 0.00870347
    1.9484 0.00885836
   1.95129 0.00902142
   1.95401 0.00919275
   1.95659 0.00937222
   1.95903 0.00955941
   1.96133 0.00975361
    1.9635 0.00995393
   1.96555  0.0101592
   1.96749  0.0103682
   1.96933  0.0105792
   1.97106  0.0107904
   1.97269  0.0109997
   1.97424  0.0112046
    1.9757  0.0114024
   1.97708  0.0115901
   1.97838  0.0117643
   1.97961  0.0119213
   1.98077   0.012057
   1.98187  0.0121669
   1.98291  0.0122464
   1.98389  0.0122906
   1.98482  0.0122945
   1.98569  0.0122536
   1.98652  0.0121635
    1.9873  0.0120208
   1.98804  0.0118229
   1.98874  0.0115685
    1.9894  0.0112579
   1.99002   0.010893
   1.99061  0.0104773
   1.99116  0.0100162
   1.99169 0.00951629
   1.99218 0.00898531
   1.99265 0.00843182
    1.9931 0.00785559
   1.99355  0.0072465
   1.99399 0.00660328
   1.99444 0.00593338
   1.99488 0.00524622
   1.99533 0.00455296
   1.99577 0.00386621
   1.99622 0.00319945
   1.99666 0.00256635
   1.99711 0.00198011
   1.99755 0.00145281
     1.998 0.000994938
   1.99844 0.000615256
   1.99889 0.000321004
   1.99933 0.000118428
   1.99978 1.36195e-05
