 0.0002225 0.000379914
 0.0006675 0.000939601
 0.0011125  0.0013343
 0.0015575 0.00159994
 0.0020025 0.00176463
 0.0024475 0.00185126
 0.0028925 0.00187881
 0.0033375 0.00186243
 0.0037825 0.00181389
 0.0042275 0.00174229
 0.0046725 0.00165458
 0.0051175  0.0015561
 0.0055625 0.00145086
 0.0060075  0.0013418
 0.0064525 0.00123079
 0.0068975  0.0011185
 0.0073476 0.00100437
0.00781612 0.000887166
0.00831203 0.000766638
0.00883694 0.000642985
0.00939255 0.000516388
0.00998065 0.000387508
 0.0106031 0.000257236
  0.011262 0.00012662
 0.0119594 -3.11463e-06
 0.0126977 -0.000130546
  0.013479 -0.000254065
 0.0143061 -0.000371922
 0.0151815 -0.000482284
 0.0161082 -0.000583322
  0.017089 -0.000673302
 0.0181271 -0.00075068
  0.019226 -0.00081419
 0.0203891 -0.000862902
 0.0216203 -0.000896271
 0.0229234 -0.000914172
 0.0243028 -0.000916932
 0.0257628 -0.000905316
 0.0273082 -0.000880489
  0.028944 -0.000843968
 0.0306754 -0.000797544
 0.0325081 -0.000743212
 0.0344479 -0.000683095
 0.0365012 -0.00061938
 0.0386746 -0.000554263
  0.040975 -0.000489877
   0.04341 -0.000428188
 0.0459873 -0.000370894
 0.0487154 -0.000319319
  0.051603 -0.000274322
 0.0546595 -0.000236382
 0.0578947 -0.000205648
 0.0613191 -0.00018167
 0.0649437 -0.000163395
 0.0687803 -0.000149637
 0.0728413 -0.000139247
 0.0771397 -0.000131198
 0.0816895 -0.000124749
 0.0865054 -0.00011929
 0.0916029 -0.000114266
 0.0969985 -0.0001091
   0.10271 -0.000103403
  0.108755 -9.70307e-05
  0.115153 -9.03188e-05
  0.121926 -8.38522e-05
  0.129095 -7.737e-05
  0.136683 -7.08015e-05
  0.144715 -6.47776e-05
  0.153216 -5.9143e-05
  0.162214 -5.36895e-05
  0.171739 -4.86128e-05
  0.181821 -4.47114e-05
  0.192492 -4.1393e-05
  0.203788 -3.75974e-05
  0.215744 -3.45321e-05
  0.228399 -3.28292e-05
  0.241794 -3.14651e-05
  0.255972 -3.13131e-05
   0.27098 -2.67627e-05
  0.286865 -2.56947e-05
  0.304824 -3.65134e-05
  0.324407 -2.25265e-05
  0.343989 -1.48687e-05
  0.363571 -1.62458e-05
  0.383154 -1.69838e-05
  0.402736 -1.65466e-05
  0.422319 -1.34625e-05
  0.441901 -1.13134e-05
  0.461484 -9.77227e-06
  0.481066 -1.01935e-05
  0.500648 -1.14471e-05
  0.520231 -1.0212e-05
  0.539813 -8.22963e-06
  0.559396 -8.69795e-06
  0.578978 -9.13378e-06
   0.59856 -8.85868e-06
  0.618143 -9.19106e-06
  0.637725 -1.00978e-05
  0.657308 -1.14414e-05
   0.67689 -1.29664e-05
  0.696473 -1.30942e-05
  0.716055 -1.36299e-05
  0.735637 -1.48404e-05
   0.75522 -1.48996e-05
  0.774802 -1.43885e-05
  0.794385 -1.38637e-05
  0.813967 -1.33408e-05
  0.833549 -1.315e-05
  0.853132 -1.31224e-05
  0.872714 -1.29069e-05
  0.892297 -1.24341e-05
  0.911879 -1.20541e-05
  0.931462 -1.23937e-05
  0.951044 -1.27261e-05
  0.970626 -1.30639e-05
  0.990209 -1.33278e-05
   1.00979 -1.33807e-05
   1.02937 -1.33277e-05
   1.04896 -1.30263e-05
   1.06854 -1.27888e-05
   1.08812 -1.28887e-05
    1.1077 -1.31137e-05
   1.12729 -1.33851e-05
   1.14687 -1.34861e-05
   1.16645 -1.36132e-05
   1.18603 -1.43372e-05
   1.20562 -1.51365e-05
    1.2252 -1.54444e-05
   1.24478 -1.51149e-05
   1.26436 -1.45722e-05
   1.28395 -1.42979e-05
   1.30353 -1.36062e-05
   1.32311 -1.31453e-05
   1.34269 -1.2517e-05
   1.36228 -1.25806e-05
   1.38186 -1.29981e-05
   1.40144 -1.33175e-05
   1.42102 -1.22406e-05
   1.44061 -1.12411e-05
   1.46019 -1.03385e-05
   1.47977 -8.54174e-06
   1.49935 -7.88868e-06
   1.51894 -7.45322e-06
   1.53852 -8.48086e-06
    1.5581 -1.01992e-05
   1.57768 -1.20797e-05
   1.59727 -1.54204e-05
   1.61685 -1.69406e-05
   1.63643 -1.79753e-05
   1.65601 -1.81423e-05
    1.6756 -2.28585e-05
   1.69518 -3.27919e-05
   1.71314 -1.88534e-05
   1.72902 -1.76792e-05
   1.74403 -2.18584e-05
   1.75821 -2.3738e-05
    1.7716 -2.88859e-05
   1.78426 -3.41698e-05
   1.79621 -3.90358e-05
   1.80751 -4.35145e-05
   1.81818 -4.8048e-05
   1.82826 -5.25038e-05
   1.83779 -5.6434e-05
   1.84679 -6.00814e-05
   1.85529 -6.4495e-05
   1.86332 -6.97678e-05
   1.87091 -7.55447e-05
   1.87808 -8.22252e-05
   1.88485 -8.94671e-05
   1.89125 -9.65113e-05
   1.89729 -0.000103144
     1.903 -0.00010923
    1.9084 -0.000114797
    1.9135 -0.000120185
   1.91831 -0.000125966
   1.92286 -0.000132465
   1.92716 -0.000140487
   1.93122 -0.000151211
   1.93506 -0.000165867
   1.93868 -0.000185637
   1.94211 -0.000211349
   1.94534 -0.000243493
    1.9484 -0.00028226
   1.95129 -0.000327572
   1.95401 -0.000379141
   1.95659 -0.000436348
   1.95903 -0.000498045
   1.96133 -0.000562515
    1.9635 -0.000627763
   1.96555 -0.000691694
   1.96749 -0.000752119
   1.96933 -0.000806764
   1.97106 -0.00085338
   1.97269 -0.000889899
   1.97424 -0.000914552
    1.9757 -0.000925882
   1.97708 -0.000922772
   1.97838 -0.000904487
   1.97961 -0.000870696
   1.98077 -0.0008215
   1.98187 -0.000757427
   1.98291 -0.00067941
   1.98389 -0.000588741
   1.98482 -0.000486993
   1.98569 -0.000375926
   1.98652 -0.000257393
    1.9873 -0.000133235
   1.98804 -5.20923e-06
   1.98874 0.000125085
    1.9894 0.000256237
   1.99002 0.000387036
   1.99061 0.000516443
   1.99116 0.000643572
   1.99169 0.000767767
   1.99218 0.00088885
   1.99265 0.00100662
    1.9931 0.00112134
   1.99355 0.00123422
   1.99399 0.00134585
   1.99444 0.00145554
   1.99488 0.00156143
   1.99533 0.00166055
   1.99577 0.00174885
   1.99622 0.00182099
   1.99666 0.00186996
   1.99711 0.00188661
   1.99755 0.00185913
     1.998 0.00177228
   1.99844 0.00160697
   1.99889 0.00134022
   1.99933 0.000943805
   1.99978 0.000381621
