 0.0002225 6.70126e-07
 0.0006675 2.67979e-05
 0.0011125 0.000129259
 0.0015575 0.000363313
 0.0020025 0.000779107
 0.0024475 0.00141847
 0.0028925 0.00231048
 0.0033375  0.0034671
 0.0037825 0.00488089
 0.0042275  0.0065253
 0.0046725 0.00835736
 0.0051175  0.0103222
 0.0055625  0.0123584
 0.0060075  0.0144038
 0.0064525  0.0163998
 0.0068975  0.0182951
 0.0073476   0.020067
0.00781612  0.0217223
0.00831203  0.0232402
0.00883694  0.0245728
0.00939255   0.025677
0.00998065  0.0265192
 0.0106031  0.0270776
  0.011262  0.0273433
 0.0119594  0.0273203
 0.0126977  0.0270245
  0.013479  0.0264817
 0.0143061  0.0257248
 0.0151815   0.024791
 0.0161082   0.023719
  0.017089  0.0225465
 0.0181271  0.0213088
  0.019226  0.0200369
 0.0203891  0.0187575
 0.0216203  0.0174925
 0.0229234  0.0162591
 0.0243028  0.0150704
 0.0257628  0.0139359
 0.0273082  0.0128619
  0.028944  0.0118522
 0.0306754  0.0109089
 0.0325081  0.0100322
 0.0344479 0.00922128
 0.0365012 0.00847432
 0.0386746 0.00778893
  0.040975 0.00716205
   0.04341 0.00659034
 0.0459873 0.00607038
 0.0487154 0.00559864
  0.051603 0.00517151
 0.0546595 0.00478521
 0.0578947 0.00443601
 0.0613191 0.00412051
 0.0649437 0.00383542
 0.0687803 0.00357746
 0.0728413 0.00334369
 0.0771397  0.0031315
 0.0816895  0.0029383
 0.0865054  0.0027618
 0.0916029 0.00260028
 0.0969985 0.00245225
   0.10271 0.00231599
  0.108755 0.00218927
  0.115153  0.0020702
  0.121926 0.00195832
  0.129095 0.00185327
  0.136683 0.00175416
  0.144715 0.00166041
  0.153216 0.00157179
  0.162214 0.00148841
  0.171739 0.00140993
  0.181821 0.00133526
  0.192492 0.00126349
  0.203788   0.001195
  0.215744 0.00112862
  0.228399 0.00106626
  0.241794 0.00100588
  0.255972 0.000950778
   0.27098 0.000897079
  0.286865 0.000846458
  0.304824 0.000799727
  0.324407 0.000747087
  0.343989 0.000698661
  0.363571 0.000653118
  0.383154 0.000609486
  0.402736 0.000570492
  0.422319 0.000532672
  0.441901 0.000498882
  0.461484 0.000466171
  0.481066 0.000433572
  0.500648 0.000401819
  0.520231 0.00037259
  0.539813 0.000345801
  0.559396 0.000320736
  0.578978 0.000297006
   0.59856 0.000274424
  0.618143 0.000252586
  0.637725 0.000231347
  0.657308 0.000210664
   0.67689 0.000190658
  0.696473 0.000171451
  0.716055 0.000153172
  0.735637 0.000135602
   0.75522 0.000118927
  0.774802 0.000103424
  0.794385 8.86782e-05
  0.813967 7.45361e-05
  0.833549 6.15289e-05
  0.853132 4.98079e-05
  0.872714 3.93495e-05
  0.892297 3.02006e-05
  0.911879 2.23638e-05
  0.931462 1.58453e-05
  0.951044 1.07563e-05
  0.970626 7.19758e-06
  0.990209 5.35385e-06
   1.00979 5.25176e-06
   1.02937 6.77813e-06
   1.04896 9.88973e-06
   1.06854 1.46517e-05
   1.08812 2.09916e-05
    1.1077 2.88156e-05
   1.12729 3.79677e-05
   1.14687 4.82334e-05
   1.16645 5.98089e-05
   1.18603  7.261e-05
   1.20562 8.62031e-05
    1.2252 0.000100614
   1.24478 0.000116111
   1.26436 0.000132565
   1.28395 0.000149867
   1.30353 0.000167898
   1.32311 0.000186756
   1.34269  0.0002064
   1.36228 0.00022697
   1.38186 0.000248293
   1.40144 0.000270746
   1.42102 0.00029458
   1.44061 0.000319496
   1.46019 0.000345812
   1.47977 0.000374159
   1.49935 0.000403716
   1.51894 0.000434307
   1.53852 0.000467212
    1.5581 0.000503338
   1.57768 0.000542301
   1.59727 0.000583889
   1.61685 0.000624846
   1.63643 0.000669868
   1.65601 0.000719843
    1.6756 0.000776197
   1.69518 0.000834015
   1.71314 0.000881922
   1.72902 0.000933817
   1.74403 0.000988621
   1.75821 0.00104285
    1.7716 0.00110277
   1.78426 0.00116365
   1.79621 0.00122687
   1.80751 0.00129258
   1.81818 0.00136257
   1.82826 0.00143654
   1.83779 0.00151491
   1.84679 0.00159823
   1.85529 0.00168661
   1.86332 0.00177908
   1.87091 0.00187552
   1.87808   0.001977
   1.88485 0.00208504
   1.89125 0.00220107
   1.89729 0.00232675
     1.903 0.00246332
    1.9084 0.00261157
    1.9135 0.00277297
   1.91831 0.00294949
   1.92286 0.00314284
   1.92716 0.00335491
   1.93122 0.00358794
   1.93506 0.00384455
   1.93868  0.0041278
   1.94211 0.00444087
   1.94534 0.00478708
    1.9484  0.0051702
   1.95129   0.005594
   1.95401 0.00606209
   1.95659 0.00657808
   1.95903 0.00714568
   1.96133 0.00776848
    1.9635 0.00844984
   1.96555 0.00919272
   1.96749 0.00999965
   1.96933  0.0108725
   1.97106   0.011812
   1.97269  0.0128181
   1.97424  0.0138887
    1.9757    0.01502
   1.97708  0.0162057
   1.97838  0.0174363
   1.97961  0.0186988
   1.98077  0.0199758
   1.98187  0.0212456
   1.98291  0.0224817
   1.98389  0.0236531
   1.98482  0.0247246
   1.98569  0.0256587
   1.98652  0.0264168
    1.9873  0.0269616
   1.98804  0.0272604
   1.98874  0.0272874
    1.9894  0.0270263
   1.99002  0.0264731
   1.99061  0.0256364
   1.99116   0.024538
   1.99169  0.0232111
   1.99218  0.0216985
   1.99265  0.0200482
    1.9931  0.0182807
   1.99355  0.0163893
   1.99399  0.0143967
   1.99444  0.0123541
   1.99488    0.01032
   1.99533 0.00835674
   1.99577 0.00652565
   1.99622 0.00488174
   1.99666 0.00346808
   1.99711 0.00231136
   1.99755 0.00141914
     1.998 0.00077954
   1.99844 0.000363543
   1.99889 0.00012935
   1.99933 2.68193e-05
   1.99978 6.70891e-07
