 0.0002225 4.01877e-06
 0.0006675 5.40168e-05
 0.0011125 0.000226385
 0.0015575 0.000588885
 0.0020025 0.00118826
 0.0024475 0.00203435
 0.0028925 0.00309143
 0.0033375 0.00428071
 0.0037825 0.00549303
 0.0042275   0.006608
 0.0046725  0.0075144
 0.0051175  0.0081265
 0.0055625 0.00839354
 0.0060075 0.00830171
 0.0064525 0.00787006
 0.0068975 0.00714223
 0.0073476  0.0061658
0.00781612 0.00496787
0.00831203 0.00358229
0.00883694 0.00207336
0.00939255 0.000515519
0.00998065 -0.00101353
 0.0106031 -0.00244006
  0.011262 -0.00370079
 0.0119594 -0.00474778
 0.0126977 -0.00555124
  0.013479 -0.00609998
 0.0143061 -0.00639991
 0.0151815 -0.00647088
 0.0161082 -0.00634287
  0.017089 -0.00605183
 0.0181271 -0.00563594
  0.019226 -0.00513252
 0.0203891 -0.00457581
 0.0216203 -0.00399552
 0.0229234 -0.00341616
 0.0243028 -0.00285702
 0.0257628 -0.00233236
 0.0273082 -0.00185211
  0.028944 -0.00142232
 0.0306754 -0.00104554
 0.0325081 -0.000721547
 0.0344479 -0.000448349
 0.0365012 -0.000222777
 0.0386746 -4.06859e-05
  0.040975 0.000102965
   0.04341 0.000213451
 0.0459873 0.000295213
 0.0487154 0.000352445
  0.051603 0.000389536
 0.0546595 0.000410493
 0.0578947 0.000418963
 0.0613191 0.000417111
 0.0649437 0.000406303
 0.0687803 0.000388754
 0.0728413 0.000366014
 0.0771397 0.000338725
 0.0816895 0.000308364
 0.0865054 0.000276373
 0.0916029 0.000243023
 0.0969985 0.000209009
   0.10271 0.000175546
  0.108755 0.000143211
  0.115153 0.000113073
  0.121926 8.58907e-05
  0.129095 6.06534e-05
  0.136683 3.80895e-05
  0.144715 1.93534e-05
  0.153216 3.30454e-06
  0.162214 -1.05755e-05
  0.171739 -2.28727e-05
  0.181821 -3.19301e-05
  0.192492 -3.81634e-05
  0.203788 -4.38093e-05
  0.215744 -4.63905e-05
  0.228399 -4.62034e-05
  0.241794 -4.41635e-05
  0.255972 -4.34646e-05
   0.27098 -4.29362e-05
  0.286865 -3.34376e-05
  0.304824 -4.67321e-05
  0.324407 -5.05962e-05
  0.343989 -5.27933e-05
  0.363571 -4.62593e-05
  0.383154 -3.83639e-05
  0.402736 -3.32448e-05
  0.422319 -2.87597e-05
  0.441901 -2.51294e-05
  0.461484 -2.08479e-05
  0.481066 -1.32888e-05
  0.500648 -5.12788e-06
  0.520231 2.63337e-07
  0.539813 3.79968e-06
  0.559396 9.57479e-06
  0.578978 1.49348e-05
   0.59856 1.91128e-05
  0.618143 2.33008e-05
  0.637725 2.87688e-05
  0.657308 3.53182e-05
   0.67689 4.21514e-05
  0.696473 4.78493e-05
  0.716055 5.38421e-05
  0.735637 6.06761e-05
   0.75522 6.61063e-05
  0.774802 7.05246e-05
  0.794385 7.51806e-05
  0.813967 7.98738e-05
  0.833549 8.4642e-05
  0.853132 8.9156e-05
  0.872714 9.32502e-05
  0.892297 9.67125e-05
  0.911879 9.96811e-05
  0.931462 0.000102832
  0.951044 0.000105492
  0.970626 0.000107571
  0.990209 0.000108807
   1.00979 0.000108865
   1.02937 0.000108098
   1.04896 0.000106547
   1.06854 0.000104552
   1.08812 0.00010213
    1.1077 9.91599e-05
   1.12729  9.593e-05
   1.14687 9.21666e-05
   1.16645 8.77462e-05
   1.18603 8.3439e-05
   1.20562 7.94497e-05
    1.2252 7.47095e-05
   1.24478 6.89333e-05
   1.26436 6.30065e-05
   1.28395 5.73407e-05
   1.30353 5.13172e-05
   1.32311 4.53578e-05
   1.34269 3.90973e-05
   1.36228 3.42561e-05
   1.38186 2.95382e-05
   1.40144 2.45301e-05
   1.42102 1.80456e-05
   1.44061 1.16772e-05
   1.46019 4.45711e-06
   1.47977 -4.23417e-06
   1.49935 -1.1684e-05
   1.51894 -1.82962e-05
   1.53852 -2.47579e-05
    1.5581 -3.19318e-05
   1.57768 -3.93626e-05
   1.59727 -4.58517e-05
   1.61685 -5.10936e-05
   1.63643 -5.72819e-05
   1.65601 -6.56051e-05
    1.6756 -7.17347e-05
   1.69518 -7.40001e-05
   1.71314 -6.21653e-05
   1.72902 -7.29229e-05
   1.74403 -7.35054e-05
   1.75821 -7.07357e-05
    1.7716 -6.70104e-05
   1.78426 -6.0205e-05
   1.79621 -5.24593e-05
   1.80751 -4.46451e-05
   1.81818 -3.58671e-05
   1.82826 -2.55834e-05
   1.83779 -1.41483e-05
   1.84679 -2.16245e-06
   1.85529 1.23477e-05
   1.86332 3.09612e-05
   1.87091 5.44423e-05
   1.87808 8.33862e-05
   1.88485 0.000115446
   1.89125 0.000148641
   1.89729 0.000182217
     1.903 0.000216408
    1.9084 0.000251258
    1.9135 0.000285111
   1.91831 0.00031706
   1.92286 0.000346715
   1.92716 0.000373908
   1.93122 0.000398032
   1.93506 0.000417873
   1.93868 0.000431446
   1.94211 0.000436562
   1.94534 0.000430916
    1.9484 0.000411828
   1.95129 0.00037623
   1.95401  0.0003208
   1.95659 0.000241929
   1.95903 0.000135062
   1.96133 -5.4874e-06
    1.9635 -0.000185075
   1.96555 -0.000408382
   1.96749 -0.000679646
   1.96933 -0.00100219
   1.97106 -0.00137786
   1.97269 -0.00180672
   1.97424 -0.00228626
    1.9757 -0.00281064
   1.97708 -0.00336996
   1.97838 -0.0039498
   1.97961 -0.00453085
   1.98077 -0.00508863
   1.98187 -0.00559352
   1.98291 -0.00601136
   1.98389 -0.00630484
   1.98482 -0.00643571
   1.98569 -0.00636789
   1.98652 -0.00607123
    1.9873 -0.00552565
   1.98804 -0.00472498
   1.98874 -0.00368014
    1.9894 -0.00242068
   1.99002 -0.000994399
   1.99061 0.000535491
   1.99116 0.00209517
   1.99169 0.00360675
   1.99218 0.00499549
   1.99265 0.00619669
    1.9931 0.00717621
   1.99355 0.00790662
   1.99399 0.00833994
   1.99444 0.00843219
   1.99488 0.00816402
   1.99533 0.00754921
   1.99577 0.00663866
   1.99622 0.00551848
   1.99666 0.00430045
   1.99711 0.00310555
   1.99755 0.00204349
     1.998 0.00119348
   1.99844 0.000591387
   1.99889 0.000227302
   1.99933 5.42194e-05
   1.99978   4.03e-06
