 0.0002225  0.0106271
 0.0006675    0.03187
 0.0011125  0.0530911
 0.0015575  0.0742698
 0.0020025  0.0953751
 0.0024475   0.116367
 0.0028925   0.137196
 0.0033375   0.157809
 0.0037825   0.178147
 0.0042275   0.198151
 0.0046725   0.217762
 0.0051175   0.236928
 0.0055625   0.255598
 0.0060075   0.273732
 0.0064525   0.291297
 0.0068975   0.308267
 0.0073476   0.324813
0.00781612   0.341364
0.00831203   0.358127
0.00883694    0.37503
0.00939255   0.391997
0.00998065   0.408952
 0.0106031   0.425821
  0.011262   0.442532
 0.0119594    0.45902
 0.0126977   0.475225
  0.013479   0.491094
 0.0143061   0.506585
 0.0151815   0.521663
 0.0161082   0.536301
  0.017089   0.550482
 0.0181271   0.564195
  0.019226   0.577434
 0.0203891   0.590201
 0.0216203   0.602502
 0.0229234   0.614346
 0.0243028   0.625746
 0.0257628   0.636714
 0.0273082   0.647269
  0.028944   0.657426
 0.0306754   0.667205
 0.0325081   0.676626
 0.0344479   0.685707
 0.0365012   0.694469
 0.0386746   0.702934
  0.040975   0.711123
   0.04341   0.719058
 0.0459873    0.72676
 0.0487154   0.734251
  0.051603   0.741554
 0.0546595   0.748689
 0.0578947   0.755679
 0.0613191   0.762544
 0.0649437   0.769304
 0.0687803   0.775979
 0.0728413   0.782588
 0.0771397   0.789148
 0.0816895   0.795676
 0.0865054   0.802187
 0.0916029   0.808697
 0.0969985   0.815218
   0.10271   0.821767
  0.108755   0.828354
  0.115153   0.834986
  0.121926    0.84167
  0.129095   0.848413
  0.136683   0.855223
  0.144715   0.862104
  0.153216   0.869062
  0.162214   0.876104
  0.171739   0.883242
  0.181821   0.890485
  0.192492   0.897834
  0.203788   0.905295
  0.215744   0.912867
  0.228399   0.920552
  0.241794   0.928369
  0.255972   0.936317
   0.27098   0.944427
  0.286865   0.952701
  0.304824   0.961744
  0.324407   0.971243
  0.343989   0.980392
  0.363571   0.989203
  0.383154   0.997668
  0.402736    1.00584
  0.422319    1.01373
  0.441901    1.02136
  0.461484    1.02876
  0.481066    1.03591
  0.500648    1.04279
  0.520231    1.04941
  0.539813    1.05579
  0.559396    1.06197
  0.578978    1.06794
   0.59856    1.07371
  0.618143    1.07929
  0.637725    1.08467
  0.657308    1.08985
   0.67689    1.09482
  0.696473    1.09956
  0.716055    1.10409
  0.735637    1.10839
   0.75522    1.11245
  0.774802    1.11626
  0.794385    1.11984
  0.813967    1.12315
  0.833549    1.12617
  0.853132    1.12891
  0.872714    1.13135
  0.892297     1.1335
  0.911879    1.13533
  0.931462    1.13683
  0.951044    1.13798
  0.970626    1.13876
  0.990209    1.13915
   1.00979    1.13916
   1.02937     1.1388
   1.04896    1.13809
   1.06854    1.13703
   1.08812    1.13563
    1.1077    1.13388
   1.12729     1.1318
   1.14687    1.12941
   1.16645    1.12672
   1.18603    1.12374
   1.20562    1.12048
    1.2252    1.11698
   1.24478    1.11324
   1.26436    1.10926
   1.28395    1.10505
   1.30353    1.10061
   1.32311    1.09597
   1.34269    1.09113
   1.36228    1.08607
   1.38186    1.08082
   1.40144    1.07536
   1.42102     1.0697
   1.44061    1.06381
   1.46019    1.05772
   1.47977    1.05139
   1.49935    1.04482
   1.51894    1.03801
   1.53852    1.03097
    1.5581    1.02364
   1.57768    1.01601
   1.59727    1.00805
   1.61685   0.999765
   1.63643    0.99118
   1.65601   0.982225
    1.6756   0.972854
   1.69518    0.96304
   1.71314   0.953694
   1.72902    0.94516
   1.74403   0.936782
   1.75821   0.928587
    1.7716   0.920547
   1.78426   0.912655
   1.79621   0.904911
   1.80751   0.897311
   1.81818   0.889844
   1.82826   0.882496
   1.83779   0.875259
   1.84679   0.868124
   1.85529   0.861078
   1.86332   0.854117
   1.87091    0.84724
   1.87808   0.840445
   1.88485   0.833724
   1.89125   0.827067
   1.89729   0.820464
     1.903   0.813898
    1.9084   0.807358
    1.9135    0.80083
   1.91831   0.794301
   1.92286   0.787754
   1.92716   0.781176
   1.93122    0.77455
   1.93506   0.767859
   1.93868   0.761087
   1.94211   0.754214
   1.94534    0.74722
    1.9484   0.740085
   1.95129   0.732788
   1.95401   0.725305
   1.95659   0.717616
   1.95903   0.709698
   1.96133   0.701529
    1.9635   0.693088
   1.96555   0.684352
   1.96749     0.6753
   1.96933   0.665911
   1.97106   0.656165
   1.97269   0.646042
   1.97424   0.635524
    1.9757   0.624592
   1.97708   0.613231
   1.97838   0.601425
   1.97961   0.589163
   1.98077   0.576435
   1.98187   0.563235
   1.98291   0.549563
   1.98389   0.535423
   1.98482   0.520826
   1.98569   0.505789
   1.98652    0.49034
    1.9873   0.474511
   1.98804   0.458348
   1.98874     0.4419
    1.9894   0.425228
   1.99002   0.408397
   1.99061   0.391479
   1.99116   0.374547
   1.99169   0.357678
   1.99218   0.340947
   1.99265   0.324425
    1.9931   0.307908
   1.99355   0.290965
   1.99399   0.273427
   1.99444   0.255319
   1.99488   0.236674
   1.99533   0.217534
   1.99577   0.197947
   1.99622   0.177966
   1.99666   0.157651
   1.99711    0.13706
   1.99755   0.116252
     1.998  0.0952815
   1.99844  0.0741972
   1.99889  0.0530393
   1.99933  0.0318389
   1.99978  0.0106167
