 0.0002225 -1.39693e-08
 0.0006675 -5.59346e-07
 0.0011125 -2.70232e-06
 0.0015575 -7.61694e-06
 0.0020025 -1.64081e-05
 0.0024475 -3.0073e-05
 0.0028925 -4.94374e-05
 0.0033375 -7.50853e-05
 0.0037825 -0.000107314
 0.0042275 -0.000146121
 0.0046725 -0.000191223
 0.0051175 -0.000242094
 0.0055625 -0.000298018
 0.0060075 -0.000358154
 0.0064525 -0.000421592
 0.0068975 -0.000487414
 0.0073476 -0.000555526
0.00781612 -0.000627165
0.00831203 -0.000702877
0.00883694 -0.000781962
0.00939255 -0.000863593
0.00998065 -0.000946861
 0.0106031 -0.00103081
  0.011262 -0.00111449
 0.0119594 -0.00119697
 0.0126977 -0.00127743
  0.013479 -0.00135512
 0.0143061 -0.00142944
 0.0151815 -0.00149991
 0.0161082 -0.00156619
  0.017089 -0.00162808
 0.0181271 -0.00168547
  0.019226 -0.00173837
 0.0203891 -0.00178687
 0.0216203 -0.00183109
 0.0229234 -0.00187122
 0.0243028 -0.00190747
 0.0257628 -0.00194006
 0.0273082 -0.00196922
  0.028944 -0.00199516
 0.0306754 -0.0020181
 0.0325081 -0.00203822
 0.0344479 -0.00205573
 0.0365012 -0.00207078
 0.0386746 -0.00208353
  0.040975 -0.00209413
   0.04341 -0.00210271
 0.0459873 -0.00210941
 0.0487154 -0.00211432
  0.051603 -0.00211755
 0.0546595 -0.0021192
 0.0578947 -0.00211935
 0.0613191 -0.00211808
 0.0649437 -0.00211546
 0.0687803 -0.00211155
 0.0728413 -0.00210641
 0.0771397 -0.00210007
 0.0816895 -0.00209259
 0.0865054 -0.00208397
 0.0916029 -0.00207423
 0.0969985 -0.00206337
   0.10271 -0.00205141
  0.108755 -0.00203836
  0.115153 -0.00202424
  0.121926 -0.00200897
  0.129095 -0.00199251
  0.136683 -0.00197486
  0.144715 -0.00195604
  0.153216 -0.00193594
  0.162214 -0.00191446
  0.171739 -0.00189154
  0.181821 -0.00186722
  0.192492 -0.00184145
  0.203788 -0.00181421
  0.215744 -0.00178541
  0.228399 -0.00175515
  0.241794 -0.00172288
  0.255972 -0.00168925
   0.27098 -0.00165299
  0.286865 -0.00161641
  0.304824 -0.00157537
  0.324407 -0.00152853
  0.343989 -0.00148197
  0.363571 -0.00143713
  0.383154 -0.00139215
  0.402736 -0.00134813
  0.422319 -0.00130382
  0.441901 -0.00125996
  0.461484 -0.00121574
  0.481066 -0.00117195
  0.500648 -0.00112772
  0.520231 -0.00108379
  0.539813 -0.00103948
  0.559396 -0.000994971
  0.578978 -0.000950624
   0.59856 -0.000906115
  0.618143 -0.000861725
  0.637725 -0.000817394
  0.657308 -0.000773044
   0.67689 -0.000728704
  0.696473 -0.000684419
  0.716055 -0.000640071
  0.735637 -0.000595696
   0.75522 -0.000551326
  0.774802 -0.000506814
  0.794385 -0.000462318
  0.813967 -0.000417773
  0.833549 -0.000373179
  0.853132 -0.000328328
  0.872714 -0.000283554
  0.892297 -0.000238659
  0.911879 -0.000193734
  0.931462 -0.000148838
  0.951044 -0.00010393
  0.970626 -5.90964e-05
  0.990209 -1.42089e-05
   1.00979 3.06989e-05
   1.02937 7.57023e-05
   1.04896 0.000120741
   1.06854 0.000165824
   1.08812 0.000210927
    1.1077 0.000256008
   1.12729  0.0003012
   1.14687 0.000346488
   1.16645 0.000391699
   1.18603 0.000436949
   1.20562 0.000482404
    1.2252 0.000527833
   1.24478 0.000573247
   1.26436 0.000618662
   1.28395 0.000664097
   1.30353 0.000709412
   1.32311 0.000754847
   1.34269 0.00080004
   1.36228 0.000845196
   1.38186 0.000890268
   1.40144 0.000935411
   1.42102 0.000980514
   1.44061  0.0010256
   1.46019 0.00107059
   1.47977  0.0011156
   1.49935 0.00116006
   1.51894 0.00120508
   1.53852 0.00124957
    1.5581  0.0012945
   1.57768 0.00133905
   1.59727 0.00138386
   1.61685 0.00142856
   1.63643 0.00147348
   1.65601 0.00151824
    1.6756 0.00156394
   1.69518 0.00160964
   1.71314 0.00164976
   1.72902 0.00168465
   1.74403 0.00171968
   1.75821 0.00175176
    1.7716 0.00178276
   1.78426 0.00181189
   1.79621 0.00183953
   1.80751 0.00186539
   1.81818 0.00188989
   1.82826 0.00191282
   1.83779 0.00193442
   1.84679 0.00195462
   1.85529 0.00197353
   1.86332 0.00199123
   1.87091 0.00200775
   1.87808 0.00202315
   1.88485 0.00203742
   1.89125 0.00205061
   1.89729 0.00206272
     1.903 0.00207371
    1.9084 0.00208366
    1.9135 0.00209255
   1.91831 0.00210036
   1.92286 0.00210708
   1.92716  0.0021127
   1.93122  0.0021172
   1.93506 0.00212054
   1.93868 0.00212264
   1.94211 0.00212345
   1.94534  0.0021229
    1.9484 0.00212089
   1.95129 0.00211733
   1.95401 0.00211214
   1.95659  0.0021052
   1.95903  0.0020964
   1.96133 0.00208561
    1.9635 0.00207269
   1.96555  0.0020575
   1.96749 0.00203986
   1.96933 0.00201962
   1.97106 0.00199657
   1.97269 0.00197052
   1.97424 0.00194127
    1.9757 0.00190859
   1.97708 0.00187226
   1.97838 0.00183206
   1.97961 0.00178779
   1.98077 0.00173926
   1.98187 0.00168635
   1.98291 0.00162895
   1.98389 0.00156708
   1.98482 0.00150083
   1.98569 0.00143039
   1.98652 0.00135612
    1.9873 0.00127847
   1.98804 0.00119806
   1.98874  0.0011156
    1.9894 0.00103195
   1.99002 0.000948019
   1.99061 0.00086475
   1.99116 0.000783103
   1.99169 0.000703987
   1.99218 0.00062823
   1.99265 0.000556535
    1.9931 0.000488355
   1.99355 0.000422454
   1.99399 0.000358927
   1.99444 0.000298695
   1.99488 0.00024267
   1.99533 0.000191699
   1.99577  0.0001465
   1.99622 0.000107603
   1.99666 7.52945e-05
   1.99711 4.95794e-05
   1.99755 3.01619e-05
     1.998 1.64579e-05
   1.99844 7.64059e-06
   1.99889 2.71091e-06
   1.99933 5.61178e-07
   1.99978 1.40204e-08
