 0.0002225 0.00447688
 0.0006675  0.0134009
 0.0011125  0.0223033
 0.0015575   0.031171
 0.0020025  0.0399728
 0.0024475  0.0486629
 0.0028925  0.0571836
 0.0033375  0.0654711
 0.0037825    0.07346
 0.0042275  0.0810889
 0.0046725   0.088304
 0.0051175  0.0950626
 0.0055625   0.101334
 0.0060075     0.1071
 0.0064525   0.112356
 0.0068975   0.117104
 0.0073476   0.121409
0.00781612   0.125382
0.00831203   0.129048
0.00883694   0.132368
0.00939255   0.135311
0.00998065   0.137851
 0.0106031   0.139975
  0.011262   0.141674
 0.0119594   0.142953
 0.0126977    0.14382
  0.013479   0.144293
 0.0143061   0.144395
 0.0151815   0.144152
 0.0161082   0.143593
  0.017089   0.142749
 0.0181271   0.141651
  0.019226   0.140331
 0.0203891   0.138816
 0.0216203   0.137135
 0.0229234   0.135313
 0.0243028   0.133376
 0.0257628   0.131345
 0.0273082   0.129241
  0.028944   0.127083
 0.0306754    0.12489
 0.0325081   0.122678
 0.0344479   0.120464
 0.0365012   0.118262
 0.0386746   0.116087
  0.040975   0.113952
   0.04341   0.111868
 0.0459873   0.109845
 0.0487154   0.107892
  0.051603   0.106016
 0.0546595   0.104222
 0.0578947   0.102514
 0.0613191   0.100893
 0.0649437  0.0993583
 0.0687803   0.097911
 0.0728413  0.0965496
 0.0771397  0.0952712
 0.0816895  0.0940727
 0.0865054    0.09295
 0.0916029  0.0918966
 0.0969985  0.0909061
   0.10271  0.0899734
  0.108755  0.0890913
  0.115153  0.0882526
  0.121926  0.0874495
  0.129095  0.0866723
  0.136683  0.0859164
  0.144715  0.0851807
  0.153216  0.0844578
  0.162214  0.0837389
  0.171739  0.0830138
  0.181821  0.0822764
  0.192492  0.0815257
  0.203788  0.0807706
  0.215744  0.0800181
  0.228399  0.0792662
  0.241794  0.0784936
  0.255972  0.0776851
   0.27098  0.0768352
  0.286865  0.0759234
  0.304824  0.0748918
  0.324407  0.0737461
  0.343989  0.0726111
  0.363571  0.0714287
  0.383154  0.0702018
  0.402736  0.0689599
  0.422319   0.067724
  0.441901  0.0664978
  0.461484  0.0652769
  0.481066   0.064062
  0.500648  0.0628306
  0.520231  0.0616021
  0.539813  0.0603698
  0.559396  0.0591154
  0.578978  0.0578313
   0.59856  0.0565297
  0.618143  0.0552132
  0.637725  0.0538981
  0.657308  0.0525972
   0.67689  0.0513085
  0.696473  0.0500336
  0.716055  0.0487689
  0.735637  0.0475041
   0.75522  0.0462421
  0.774802  0.0449953
  0.794385  0.0437793
  0.813967  0.0425906
  0.833549   0.041461
  0.853132  0.0404043
  0.872714  0.0394321
  0.892297   0.038565
  0.911879  0.0378152
  0.931462  0.0372018
  0.951044  0.0367385
  0.970626  0.0364462
  0.990209  0.0363237
   1.00979  0.0363748
   1.02937  0.0366136
   1.04896   0.037041
   1.06854  0.0376399
   1.08812  0.0383862
    1.1077  0.0392621
   1.12729  0.0402532
   1.14687  0.0413351
   1.16645  0.0424771
   1.18603  0.0436826
   1.20562  0.0449572
    1.2252  0.0462656
   1.24478  0.0475983
   1.26436   0.048958
   1.28395  0.0503381
   1.30353   0.051707
   1.32311  0.0530556
   1.34269  0.0543859
   1.36228  0.0557128
   1.38186  0.0570342
   1.40144  0.0583436
   1.42102  0.0596454
   1.44061  0.0609653
   1.46019  0.0622699
   1.47977  0.0635551
   1.49935  0.0648294
   1.51894  0.0660956
   1.53852  0.0673442
    1.5581  0.0685637
   1.57768  0.0697532
   1.59727   0.070913
   1.61685  0.0720336
   1.63643   0.073135
   1.65601  0.0742055
    1.6756  0.0752664
   1.69518  0.0763576
   1.71314  0.0773346
   1.72902  0.0782003
   1.74403   0.079013
   1.75821  0.0797762
    1.7716  0.0804952
   1.78426  0.0811844
   1.79621  0.0818514
   1.80751  0.0824994
   1.81818  0.0831373
   1.82826  0.0837702
   1.83779  0.0843996
   1.84679  0.0850286
   1.85529  0.0856666
   1.86332   0.086323
   1.87091  0.0870075
   1.87808  0.0877276
   1.88485  0.0884839
   1.89125  0.0892805
   1.89729  0.0901246
     1.903   0.091025
    1.9084  0.0919891
    1.9135  0.0930199
   1.91831  0.0941216
   1.92286  0.0952996
   1.92716  0.0965586
   1.93122  0.0979025
   1.93506  0.0993335
   1.93868   0.100852
   1.94211    0.10246
   1.94534   0.104155
    1.9484   0.105937
   1.95129   0.107802
   1.95401   0.109745
   1.95659    0.11176
   1.95903   0.113837
   1.96133   0.115965
    1.9635   0.118133
   1.96555   0.120328
   1.96749   0.122535
   1.96933   0.124742
   1.97106    0.12693
   1.97269   0.129084
   1.97424   0.131185
    1.9757   0.133215
   1.97708   0.135152
   1.97838   0.136973
   1.97961   0.138656
   1.98077   0.140174
   1.98187   0.141499
   1.98291   0.142602
   1.98389   0.143452
   1.98482   0.144018
   1.98569   0.144269
   1.98652   0.144177
    1.9873   0.143714
   1.98804   0.142857
   1.98874    0.14159
    1.9894   0.139902
   1.99002   0.137791
   1.99061   0.135262
   1.99116   0.132331
   1.99169   0.129022
   1.99218   0.125366
   1.99265   0.121402
    1.9931   0.117105
   1.99355   0.112364
   1.99399   0.107115
   1.99444   0.101354
   1.99488  0.0950868
   1.99533  0.0883312
   1.99577  0.0811176
   1.99622   0.073489
   1.99666  0.0654992
   1.99711  0.0572098
   1.99755  0.0486863
     1.998  0.0399928
   1.99844  0.0311869
   1.99889   0.022315
   1.99933  0.0134081
   1.99978 0.00447935
