 0.0002225 1.49728e-05
 0.0006675 0.000144989
 0.0011125 0.000381737
 0.0015575 0.000715111
 0.0020025 0.00112833
 0.0024475 0.00160837
 0.0028925 0.00214481
 0.0033375 0.00272857
 0.0037825 0.00335151
 0.0042275 0.00400647
 0.0046725 0.00468716
 0.0051175  0.0053881
 0.0055625 0.00610456
 0.0060075 0.00683244
 0.0064525 0.00756821
 0.0068975 0.00830895
 0.0073476 0.00906088
0.00781612 0.00984428
0.00831203   0.010672
0.00883694  0.0115441
0.00939255  0.0124606
0.00998065  0.0134208
 0.0106031  0.0144239
  0.011262  0.0154688
 0.0119594  0.0165539
 0.0126977  0.0176772
  0.013479  0.0188365
 0.0143061  0.0200288
 0.0151815   0.021251
 0.0161082  0.0224994
  0.017089  0.0237701
 0.0181271  0.0250588
  0.019226  0.0263608
 0.0203891  0.0276712
 0.0216203   0.028985
 0.0229234  0.0302971
 0.0243028  0.0316022
 0.0257628  0.0328949
 0.0273082    0.03417
  0.028944  0.0354223
 0.0306754  0.0366467
 0.0325081  0.0378381
 0.0344479  0.0389918
 0.0365012   0.040103
 0.0386746  0.0411675
  0.040975  0.0421812
   0.04341  0.0431407
 0.0459873   0.044043
 0.0487154  0.0448862
  0.051603  0.0456688
 0.0546595  0.0463901
 0.0578947  0.0470501
 0.0613191  0.0476494
 0.0649437  0.0481893
 0.0687803  0.0486717
 0.0728413   0.049099
 0.0771397  0.0494738
 0.0816895  0.0497989
 0.0865054  0.0500767
 0.0916029  0.0503101
 0.0969985  0.0505018
   0.10271  0.0506547
  0.108755  0.0507718
  0.115153  0.0508558
  0.121926  0.0509086
  0.129095  0.0509316
  0.136683   0.050926
  0.144715  0.0508927
  0.153216  0.0508328
  0.162214  0.0507476
  0.171739  0.0506371
  0.181821  0.0504999
  0.192492  0.0503331
  0.203788  0.0501313
  0.215744  0.0498901
  0.228399  0.0496168
  0.241794  0.0493104
  0.255972  0.0489711
   0.27098  0.0485957
  0.286865  0.0482097
  0.304824  0.0477715
  0.324407  0.0472663
  0.343989  0.0467453
  0.363571  0.0462315
  0.383154  0.0457059
  0.402736  0.0451805
  0.422319  0.0446485
  0.441901  0.0441074
  0.461484  0.0435512
  0.481066  0.0429877
  0.500648  0.0424067
  0.520231  0.0418174
  0.539813  0.0412069
  0.559396  0.0405883
  0.578978  0.0399551
   0.59856  0.0393168
  0.618143  0.0386702
  0.637725  0.0380235
  0.657308  0.0373846
   0.67689  0.0367591
  0.696473  0.0361369
  0.716055  0.0355221
  0.735637  0.0349158
   0.75522  0.0343209
  0.774802  0.0337446
  0.794385  0.0331997
  0.813967  0.0326926
  0.833549   0.032223
  0.853132  0.0317901
  0.872714  0.0313998
  0.892297  0.0310559
  0.911879  0.0307699
  0.931462   0.030542
  0.951044  0.0303766
  0.970626  0.0302741
  0.990209  0.0302378
   1.00979  0.0302616
   1.02937  0.0303456
   1.04896  0.0304889
   1.06854  0.0306896
   1.08812  0.0309456
    1.1077   0.031258
   1.12729  0.0316166
   1.14687  0.0320157
   1.16645  0.0324481
   1.18603  0.0329109
   1.20562  0.0333981
    1.2252    0.03391
   1.24478  0.0344439
   1.26436  0.0349969
   1.28395  0.0355712
   1.30353  0.0361697
   1.32311  0.0367832
   1.34269  0.0374065
   1.36228  0.0380357
   1.38186  0.0386667
   1.40144  0.0392982
   1.42102  0.0399257
   1.44061  0.0405548
   1.46019  0.0411808
   1.47977  0.0418096
   1.49935  0.0424163
   1.51894   0.043016
   1.53852  0.0435847
    1.5581  0.0441421
   1.57768  0.0446867
   1.59727  0.0452177
   1.61685  0.0457422
   1.63643  0.0462681
   1.65601  0.0467886
    1.6756  0.0473083
   1.69518  0.0478285
   1.71314  0.0482749
   1.72902  0.0486634
   1.74403  0.0490428
   1.75821  0.0493922
    1.7716   0.049707
   1.78426   0.049987
   1.79621  0.0502361
   1.80751  0.0504495
   1.81818   0.050632
   1.82826  0.0507816
   1.83779  0.0509012
   1.84679  0.0509907
   1.85529  0.0510513
   1.86332  0.0510828
   1.87091  0.0510863
   1.87808  0.0510623
   1.88485  0.0510103
   1.89125  0.0509279
   1.89729  0.0508118
     1.903   0.050659
    1.9084  0.0504665
    1.9135  0.0502316
   1.91831  0.0499519
   1.92286   0.049625
   1.92716   0.049248
   1.93122  0.0488181
   1.93506  0.0483328
   1.93868  0.0477899
   1.94211  0.0471877
   1.94534   0.046525
    1.9484  0.0458011
   1.95129  0.0450159
   1.95401  0.0441699
   1.95659  0.0432645
   1.95903  0.0423018
   1.96133  0.0412845
    1.9635  0.0402163
   1.96555   0.039101
   1.96749  0.0379432
   1.96933  0.0367474
   1.97106  0.0355186
   1.97269  0.0342618
   1.97424  0.0329822
    1.9757  0.0316851
   1.97708  0.0303757
   1.97838  0.0290594
   1.97961  0.0277414
   1.98077  0.0264269
   1.98187   0.025121
   1.98291  0.0238286
   1.98389  0.0225543
   1.98482  0.0213024
   1.98569  0.0200769
   1.98652  0.0188815
    1.9873  0.0177194
   1.98804  0.0165933
   1.98874  0.0155056
    1.9894  0.0144582
   1.99002  0.0134527
   1.99061  0.0124902
   1.99116  0.0115716
   1.99169  0.0106974
   1.99218 0.00986775
   1.99265 0.00908251
    1.9931 0.00832879
   1.99355 0.00758629
   1.99399 0.00684876
   1.99444 0.00611913
   1.99488 0.00540095
   1.99533 0.00469832
   1.99577   0.004016
   1.99622 0.00335947
   1.99666 0.00273503
   1.99711 0.00214987
   1.99755 0.00161215
     1.998 0.00113097
   1.99844 0.000716772
   1.99889 0.000382615
   1.99933 0.000145316
   1.99978 1.50014e-05
