 0.0002225 0.00267299
 0.0006675 0.00753821
 0.0011125  0.0119713
 0.0015575    0.01601
 0.0020025  0.0196871
 0.0024475  0.0230323
 0.0028925  0.0260736
 0.0033375  0.0288379
 0.0037825  0.0313511
 0.0042275  0.0336383
 0.0046725  0.0357231
 0.0051175  0.0376277
 0.0055625  0.0393723
 0.0060075  0.0409753
 0.0064525  0.0424527
 0.0068975  0.0438187
 0.0073476  0.0451008
0.00781612  0.0463411
0.00831203  0.0475584
0.00883694  0.0487514
0.00939255   0.049919
0.00998065  0.0510594
 0.0106031  0.0521711
  0.011262  0.0532519
 0.0119594  0.0542998
 0.0126977  0.0553124
  0.013479  0.0562872
 0.0143061  0.0572217
 0.0151815  0.0581135
 0.0161082  0.0589604
  0.017089  0.0597604
 0.0181271  0.0605118
  0.019226  0.0612132
 0.0203891  0.0618639
 0.0216203  0.0624632
 0.0229234   0.063011
 0.0243028  0.0635078
 0.0257628  0.0639542
 0.0273082  0.0643514
  0.028944  0.0647012
 0.0306754  0.0650055
 0.0325081  0.0652667
 0.0344479  0.0654874
 0.0365012    0.06567
 0.0386746  0.0658171
  0.040975  0.0659305
   0.04341  0.0660121
 0.0459873   0.066063
 0.0487154   0.066084
  0.051603  0.0660762
 0.0546595  0.0660404
 0.0578947  0.0659771
 0.0613191  0.0658871
 0.0649437  0.0657711
 0.0687803  0.0656293
 0.0728413  0.0654619
 0.0771397  0.0652694
 0.0816895  0.0650522
 0.0865054  0.0648116
 0.0916029  0.0645506
 0.0969985  0.0642727
   0.10271  0.0639801
  0.108755  0.0636716
  0.115153  0.0633446
  0.121926  0.0629989
  0.129095  0.0626358
  0.136683  0.0622566
  0.144715  0.0618614
  0.153216  0.0614526
  0.162214  0.0610333
  0.171739  0.0606029
  0.181821  0.0601659
  0.192492  0.0597206
  0.203788  0.0592642
  0.215744  0.0588051
  0.228399  0.0583521
  0.241794   0.057896
  0.255972  0.0574177
   0.27098  0.0569134
  0.286865  0.0563758
  0.304824  0.0557794
  0.324407   0.055049
  0.343989   0.054329
  0.363571  0.0536125
  0.383154  0.0529071
  0.402736  0.0521854
  0.422319  0.0514528
  0.441901  0.0506736
  0.461484  0.0498267
  0.481066  0.0489419
  0.500648  0.0480489
  0.520231  0.0471409
  0.539813    0.04621
  0.559396  0.0452864
  0.578978  0.0443781
   0.59856  0.0434497
  0.618143  0.0424858
  0.637725  0.0415264
  0.657308  0.0405787
   0.67689  0.0396321
  0.696473  0.0386937
  0.716055  0.0377711
  0.735637  0.0368887
   0.75522  0.0360249
  0.774802  0.0351782
  0.794385  0.0343462
  0.813967  0.0335291
  0.833549  0.0327353
  0.853132  0.0319954
  0.872714  0.0313386
  0.892297   0.030763
  0.911879  0.0302604
  0.931462  0.0298394
  0.951044  0.0295137
  0.970626  0.0292764
  0.990209  0.0291349
   1.00979  0.0290958
   1.02937  0.0291644
   1.04896  0.0293566
   1.06854  0.0296885
   1.08812  0.0301307
    1.1077   0.030652
   1.12729  0.0312551
   1.14687  0.0319233
   1.16645  0.0326453
   1.18603   0.033408
   1.20562   0.034206
    1.2252  0.0350316
   1.24478  0.0358887
   1.26436  0.0367809
   1.28395  0.0376869
   1.30353  0.0386057
   1.32311  0.0395173
   1.34269  0.0404362
   1.36228  0.0413999
   1.38186  0.0423567
   1.40144  0.0433228
   1.42102  0.0443313
   1.44061  0.0453176
   1.46019  0.0462649
   1.47977  0.0471951
   1.49935  0.0481084
   1.51894  0.0489935
   1.53852  0.0498539
    1.5581  0.0507104
   1.57768  0.0515782
   1.59727  0.0524246
   1.61685  0.0532377
   1.63643  0.0539906
   1.65601  0.0547124
    1.6756  0.0554498
   1.69518  0.0562095
   1.71314  0.0568472
   1.72902  0.0574449
   1.74403  0.0579925
   1.75821  0.0585035
    1.7716  0.0589957
   1.78426  0.0594662
   1.79621  0.0599084
   1.80751  0.0603294
   1.81818  0.0607439
   1.82826  0.0611571
   1.83779  0.0615709
   1.84679   0.061981
   1.85529  0.0623836
   1.86332  0.0627741
   1.87091  0.0631496
   1.87808  0.0635074
   1.88485  0.0638443
   1.89125  0.0641579
   1.89729  0.0644502
     1.903  0.0647239
    1.9084  0.0649794
    1.9135   0.065215
   1.91831  0.0654296
   1.92286  0.0656234
   1.92716  0.0657963
   1.93122   0.065947
   1.93506  0.0660731
   1.93868  0.0661724
   1.94211  0.0662441
   1.94534  0.0662882
    1.9484  0.0663053
   1.95129  0.0662962
   1.95401  0.0662611
   1.95659  0.0661995
   1.95903  0.0661104
   1.96133   0.065992
    1.9635  0.0658418
   1.96555  0.0656573
   1.96749  0.0654355
   1.96933  0.0651738
   1.97106  0.0648694
   1.97269  0.0645198
   1.97424  0.0641225
    1.9757  0.0636759
   1.97708  0.0631785
   1.97838  0.0626294
   1.97961  0.0620282
   1.98077  0.0613749
   1.98187  0.0606701
   1.98291  0.0599149
   1.98389  0.0591106
   1.98482  0.0582591
   1.98569  0.0573624
   1.98652  0.0564231
    1.9873  0.0554435
   1.98804  0.0544263
   1.98874  0.0533739
    1.9894  0.0522887
   1.99002   0.051173
   1.99061  0.0500287
   1.99116  0.0488575
   1.99169   0.047661
   1.99218  0.0464403
   1.99265  0.0451968
    1.9931  0.0439115
   1.99355  0.0425422
   1.99399  0.0410613
   1.99444  0.0394547
   1.99488  0.0377062
   1.99533  0.0357974
   1.99577  0.0337081
   1.99622   0.031416
   1.99666  0.0288974
   1.99711  0.0261273
   1.99755  0.0230797
     1.998  0.0197275
   1.99844  0.0160429
   1.99889  0.0119959
   1.99933 0.00755368
   1.99978 0.00267848
