 0.0002225  0.0263678
 0.0006675  0.0245866
 0.0011125   0.023021
 0.0015575  0.0213978
 0.0020025  0.0195097
 0.0024475  0.0172235
 0.0028925  0.0144914
 0.0033375  0.0113526
 0.0037825 0.00792065
 0.0042275 0.00435799
 0.0046725 0.000844776
 0.0051175 -0.00245017
 0.0055625 -0.00539047
 0.0060075 -0.00788395
 0.0064525 -0.00988381
 0.0068975 -0.0113948
 0.0073476 -0.0124585
0.00781612 -0.0130964
0.00831203 -0.0133265
0.00883694 -0.0131879
0.00939255 -0.0127272
0.00998065  -0.012007
 0.0106031 -0.0110987
  0.011262 -0.0100755
 0.0119594 -0.0090054
 0.0126977 -0.0079465
  0.013479 -0.00694399
 0.0143061 -0.00602889
 0.0151815 -0.00521901
 0.0161082 -0.00452071
  0.017089 -0.00393146
 0.0181271 -0.00344262
  0.019226 -0.00304206
 0.0203891 -0.00271614
 0.0216203 -0.00245124
 0.0229234 -0.00223491
 0.0243028 -0.00205625
 0.0257628 -0.00190613
 0.0273082 -0.00177714
  0.028944 -0.00166342
 0.0306754 -0.00156074
 0.0325081 -0.00146635
 0.0344479 -0.00137809
 0.0365012 -0.00129461
 0.0386746 -0.00121504
  0.040975 -0.00113886
   0.04341 -0.00106579
 0.0459873 -0.000995239
 0.0487154 -0.00092679
  0.051603 -0.000860772
 0.0546595 -0.000797463
 0.0578947 -0.000737422
 0.0613191 -0.000680197
 0.0649437 -0.00062541
 0.0687803 -0.000573937
 0.0728413 -0.000526099
 0.0771397 -0.00048152
 0.0816895 -0.000440294
 0.0865054 -0.00040268
 0.0916029 -0.000368098
 0.0969985 -0.000336707
   0.10271 -0.000308876
  0.108755 -0.000283785
  0.115153 -0.000261045
  0.121926 -0.000240709
  0.129095 -0.000222041
  0.136683 -0.000205258
  0.144715 -0.000190621
  0.153216 -0.000177677
  0.162214 -0.00016632
  0.171739 -0.000155897
  0.181821 -0.00014669
  0.192492 -0.000138279
  0.203788 -0.000130574
  0.215744 -0.000123833
  0.228399 -0.000118751
  0.241794 -0.000114177
  0.255972 -0.000109745
   0.27098 -0.000106782
  0.286865 -0.000111209
  0.304824 -8.96045e-05
  0.324407 -9.1971e-05
  0.343989 -8.67869e-05
  0.363571 -8.07587e-05
  0.383154 -7.50019e-05
  0.402736 -6.97011e-05
  0.422319 -6.52149e-05
  0.441901 -6.10343e-05
  0.461484 -5.66625e-05
  0.481066 -5.27726e-05
  0.500648 -4.88854e-05
  0.520231 -4.56178e-05
  0.539813 -4.23511e-05
  0.559396 -3.95078e-05
  0.578978 -3.68602e-05
   0.59856 -3.43268e-05
  0.618143 -3.1428e-05
  0.637725 -2.89401e-05
  0.657308 -2.68132e-05
   0.67689 -2.47973e-05
  0.696473 -2.29083e-05
  0.716055 -2.11083e-05
  0.735637 -1.96144e-05
   0.75522 -1.8008e-05
  0.774802 -1.65196e-05
  0.794385 -1.52718e-05
  0.813967 -1.39398e-05
  0.833549 -1.27498e-05
  0.853132 -1.16873e-05
  0.872714 -1.08602e-05
  0.892297 -1.01905e-05
  0.911879 -9.55631e-06
  0.931462 -8.99813e-06
  0.951044 -8.62548e-06
  0.970626 -8.40294e-06
  0.990209 -8.28335e-06
   1.00979 -8.19321e-06
   1.02937 -8.22356e-06
   1.04896 -8.44854e-06
   1.06854 -8.98618e-06
   1.08812 -9.58617e-06
    1.1077 -1.0186e-05
   1.12729 -1.10223e-05
   1.14687 -1.2011e-05
   1.16645 -1.29178e-05
   1.18603 -1.38844e-05
   1.20562 -1.51884e-05
    1.2252 -1.64381e-05
   1.24478 -1.77311e-05
   1.26436 -1.93031e-05
   1.28395 -2.10797e-05
   1.30353 -2.29773e-05
   1.32311 -2.47669e-05
   1.34269 -2.64672e-05
   1.36228 -2.89195e-05
   1.38186 -3.11601e-05
   1.40144 -3.34265e-05
   1.42102 -3.61505e-05
   1.44061 -3.93269e-05
   1.46019 -4.21467e-05
   1.47977 -4.53484e-05
   1.49935 -4.87383e-05
   1.51894 -5.25626e-05
   1.53852 -5.63558e-05
    1.5581 -6.04659e-05
   1.57768 -6.52219e-05
   1.59727 -7.02791e-05
   1.61685 -7.55982e-05
   1.63643 -8.14143e-05
   1.65601 -8.72657e-05
    1.6756 -9.2813e-05
   1.69518 -9.10328e-05
   1.71314 -0.000113021
   1.72902 -0.000108995
   1.74403 -0.000112253
   1.75821 -0.000116649
    1.7716 -0.000121766
   1.78426 -0.000127645
   1.79621 -0.000134217
   1.80751 -0.000140926
   1.81818 -0.000148909
   1.82826 -0.00015803
   1.83779 -0.000168498
   1.84679 -0.00017994
   1.85529 -0.000192843
   1.86332 -0.000207143
   1.87091 -0.000223322
   1.87808 -0.000242217
   1.88485 -0.000263155
   1.89125 -0.000285887
   1.89729 -0.000310799
     1.903 -0.00033881
    1.9084 -0.000370549
    1.9135 -0.000405229
   1.91831 -0.000442745
   1.92286 -0.000483568
   1.92716 -0.000528079
   1.93122 -0.000576401
   1.93506 -0.000628277
   1.93868 -0.000682957
   1.94211 -0.00074017
   1.94534 -0.00079991
    1.9484 -0.000862162
   1.95129 -0.000927104
   1.95401 -0.00099471
   1.95659 -0.00106531
   1.95903 -0.00113913
   1.96133 -0.00121552
    1.9635 -0.00129466
   1.96555 -0.00137747
   1.96749 -0.00146488
   1.96933 -0.00155837
   1.97106 -0.00166018
   1.97269 -0.00177326
   1.97424 -0.00190159
    1.9757 -0.00205078
   1.97708 -0.00222827
   1.97838 -0.00244324
   1.97961 -0.0027067
   1.98077 -0.00303108
   1.98187 -0.00342982
   1.98291 -0.00391654
   1.98389 -0.00450355
   1.98482 -0.00519962
   1.98569 -0.00600746
   1.98652 -0.00692108
    1.9873 -0.00792306
   1.98804 -0.00898263
   1.98874 -0.0100549
    1.9894 -0.0110819
   1.99002 -0.0119955
   1.99061 -0.0127226
   1.99116 -0.0131915
   1.99169 -0.0133391
   1.99218 -0.0131181
   1.99265 -0.0124886
    1.9931 -0.0114321
   1.99355 -0.00992709
   1.99399 -0.00793115
   1.99444 -0.00543875
   1.99488 -0.00249634
   1.99533 0.00080378
   1.99577 0.00432485
   1.99622 0.00789731
   1.99666  0.0113401
   1.99711  0.0144898
   1.99755  0.0172321
     1.998  0.0195272
   1.99844  0.0214231
   1.99889  0.0230531
   1.99933  0.0246256
   1.99978  0.0264149
