 0.0002225 -0.0277558
 0.0006675 -0.0262216
 0.0011125 -0.0251028
 0.0015575 -0.0242089
 0.0020025  -0.023409
 0.0024475 -0.0226244
 0.0028925 -0.0218204
 0.0033375 -0.0209973
 0.0037825  -0.020177
 0.0042275  -0.019391
 0.0046725 -0.0186691
 0.0051175 -0.0180333
 0.0055625 -0.0174954
 0.0060075 -0.0170572
 0.0064525 -0.0167125
 0.0068975 -0.0164501
 0.0073476 -0.0162515
0.00781612 -0.0160984
0.00831203 -0.0159815
0.00883694 -0.0158895
0.00939255 -0.0158092
0.00998065 -0.0157273
 0.0106031 -0.0156311
  0.011262 -0.0155096
 0.0119594  -0.015354
 0.0126977 -0.0151582
  0.013479  -0.014919
 0.0143061 -0.0146356
 0.0151815 -0.0143094
 0.0161082 -0.0139437
  0.017089 -0.0135426
 0.0181271 -0.0131111
  0.019226 -0.0126544
 0.0203891 -0.0121778
 0.0216203 -0.0116865
 0.0229234 -0.0111855
 0.0243028 -0.0106796
 0.0257628  -0.010173
 0.0273082 -0.00966973
  0.028944 -0.00917316
 0.0306754 -0.00868634
 0.0325081 -0.00821182
 0.0344479 -0.0077518
 0.0365012 -0.00730808
 0.0386746 -0.00688209
  0.040975 -0.0064747
   0.04341 -0.00608621
 0.0459873 -0.00571639
 0.0487154 -0.00536487
  0.051603 -0.00503144
 0.0546595 -0.00471573
 0.0578947 -0.00441718
 0.0613191 -0.00413526
 0.0649437 -0.00386954
 0.0687803 -0.0036193
 0.0728413 -0.00338381
 0.0771397 -0.00316239
 0.0816895 -0.00295437
 0.0865054 -0.00275916
 0.0916029 -0.00257628
 0.0969985  -0.002405
   0.10271 -0.0022447
  0.108755 -0.00209475
  0.115153 -0.00195457
  0.121926 -0.00182375
  0.129095 -0.00170148
  0.136683 -0.00158708
  0.144715 -0.00148013
  0.153216 -0.00138002
  0.162214 -0.00128623
  0.171739 -0.00119877
  0.181821 -0.00111727
  0.192492 -0.0010412
  0.203788 -0.000970099
  0.215744 -0.000903889
  0.228399 -0.000842108
  0.241794 -0.000784776
  0.255972 -0.000731583
   0.27098 -0.000682367
  0.286865 -0.000627707
  0.304824 -0.000572741
  0.324407 -0.00052972
  0.343989 -0.000498151
  0.363571 -0.000468604
  0.383154 -0.000441282
  0.402736 -0.000416026
  0.422319 -0.000392744
  0.441901 -0.00037126
  0.461484 -0.000350892
  0.481066 -0.00033157
  0.500648 -0.000313695
  0.520231 -0.000296934
  0.539813 -0.0002811
  0.559396 -0.000266078
  0.578978 -0.000251862
   0.59856 -0.000238573
  0.618143 -0.000225969
  0.637725 -0.000214046
  0.657308 -0.000202818
   0.67689 -0.000192336
  0.696473 -0.000182335
  0.716055 -0.000172844
  0.735637 -0.000164093
   0.75522 -0.000156031
  0.774802 -0.000148494
  0.794385 -0.000141551
  0.813967 -0.000135189
  0.833549 -0.000129397
  0.853132 -0.000124141
  0.872714 -0.000119468
  0.892297 -0.000115437
  0.911879 -0.000112094
  0.931462 -0.000109426
  0.951044 -0.000107446
  0.970626 -0.000106142
  0.990209 -0.000105488
   1.00979 -0.000105406
   1.02937 -0.000105966
   1.04896 -0.000107195
   1.06854 -0.000109071
   1.08812 -0.000111434
    1.1077 -0.000114421
   1.12729 -0.0001181
   1.14687 -0.000122492
   1.16645 -0.000127557
   1.18603 -0.000133135
   1.20562 -0.00013926
    1.2252 -0.000145955
   1.24478 -0.000153396
   1.26436 -0.000161525
   1.28395 -0.000170127
   1.30353 -0.000179445
   1.32311 -0.000189421
   1.34269 -0.00020001
   1.36228 -0.000211205
   1.38186 -0.000223134
   1.40144 -0.000235783
   1.42102 -0.000249189
   1.44061 -0.000263551
   1.46019 -0.000278772
   1.47977 -0.000294931
   1.49935 -0.000311994
   1.51894 -0.0003302
   1.53852 -0.000349739
    1.5581 -0.000370755
   1.57768 -0.000393442
   1.59727 -0.00041814
   1.61685 -0.000445034
   1.63643 -0.000474342
   1.65601 -0.000506015
    1.6756 -0.000539358
   1.69518 -0.00058365
   1.71314 -0.000639933
   1.72902 -0.000695755
   1.74403 -0.000745486
   1.75821 -0.000799079
    1.7716 -0.000856702
   1.78426 -0.000918355
   1.79621  -0.000984
   1.80751 -0.00105393
   1.81818 -0.00112873
   1.82826 -0.00120883
   1.83779 -0.00129482
   1.84679 -0.00138695
   1.85529 -0.00148569
   1.86332 -0.00159124
   1.87091 -0.00170404
   1.87808 -0.00182478
   1.88485 -0.00195369
   1.89125 -0.00209122
   1.89729 -0.00223802
     1.903 -0.0023949
    1.9084 -0.00256289
    1.9135 -0.00274248
   1.91831 -0.0029339
   1.92286 -0.00313763
   1.92716 -0.00335446
   1.93122 -0.00358539
   1.93506  -0.003831
   1.93868 -0.00409161
   1.94211 -0.00436787
   1.94534 -0.00466068
    1.9484 -0.0049707
   1.95129 -0.00529829
   1.95401 -0.00564382
   1.95659 -0.00600748
   1.95903 -0.00638927
   1.96133 -0.00678925
    1.9635 -0.00720719
   1.96555 -0.00764247
   1.96749 -0.00809397
   1.96933 -0.0085599
   1.97106  -0.009038
   1.97269 -0.00952561
   1.97424 -0.0100195
    1.9757 -0.0105162
   1.97708 -0.0110119
   1.97838 -0.0115022
   1.97961 -0.0119825
   1.98077 -0.0124476
   1.98187 -0.0128926
   1.98291 -0.0133123
   1.98389 -0.0137017
   1.98482 -0.0140558
   1.98569 -0.0143708
   1.98652 -0.0146437
    1.9873 -0.0148734
   1.98804 -0.0150608
   1.98874 -0.0152092
    1.9894 -0.0153246
   1.99002 -0.0154158
   1.99061 -0.0154936
   1.99116 -0.0155703
   1.99169 -0.0156591
   1.99218 -0.0157724
   1.99265 -0.0159214
    1.9931 -0.0161148
   1.99355 -0.0163703
   1.99399 -0.0167056
   1.99444 -0.0171311
   1.99488 -0.0176526
   1.99533 -0.0182679
   1.99577 -0.0189655
   1.99622 -0.0197241
   1.99666 -0.0205155
   1.99711 -0.0213101
   1.99755 -0.0220877
     1.998 -0.0228495
   1.99844 -0.0236303
   1.99889 -0.0245066
   1.99933 -0.0256055
   1.99978 -0.0271115
