 0.0002225 1.42317e-05
 0.0006675 0.000122295
 0.0011125 0.00032896
 0.0015575 0.000626474
 0.0020025 0.00100712
 0.0024475 0.00146208
 0.0028925 0.00198091
 0.0033375 0.00255161
 0.0037825 0.00316102
 0.0042275 0.00379561
 0.0046725 0.00444216
 0.0051175 0.00508849
 0.0055625 0.00572389
 0.0060075 0.00633941
 0.0064525 0.00692796
 0.0068975 0.00748429
 0.0073476 0.00801105
0.00781612 0.00851889
0.00831203 0.00900946
0.00883694  0.0094763
0.00939255 0.00991344
0.00998065  0.0103156
 0.0106031  0.0106785
  0.011262  0.0109987
 0.0119594  0.0112739
 0.0126977  0.0115031
  0.013479   0.011686
 0.0143061  0.0118235
 0.0151815  0.0119173
 0.0161082    0.01197
  0.017089  0.0119845
 0.0181271  0.0119644
  0.019226  0.0119134
 0.0203891  0.0118355
 0.0216203  0.0117348
 0.0229234  0.0116153
 0.0243028  0.0114809
 0.0257628  0.0113351
 0.0273082  0.0111813
  0.028944  0.0110226
 0.0306754  0.0108614
 0.0325081     0.0107
 0.0344479  0.0105403
 0.0365012  0.0103835
 0.0386746  0.0102307
  0.040975  0.0100823
   0.04341 0.00993888
 0.0459873 0.00980054
 0.0487154 0.00966735
  0.051603  0.0095392
 0.0546595 0.00941582
 0.0578947 0.00929689
 0.0613191 0.00918212
 0.0649437 0.00907117
 0.0687803 0.00896363
 0.0728413 0.00885902
 0.0771397 0.00875693
 0.0816895 0.00865702
 0.0865054 0.00855905
 0.0916029 0.00846269
 0.0969985 0.00836769
   0.10271 0.00827397
  0.108755   0.008181
  0.115153 0.00808845
  0.121926 0.00799636
  0.129095 0.00790445
  0.136683 0.00781193
  0.144715  0.0077174
  0.153216 0.00761965
  0.162214 0.00751884
  0.171739 0.00741466
  0.181821 0.00730675
  0.192492 0.00719425
  0.203788 0.00707845
  0.215744 0.00695836
  0.228399 0.00683458
  0.241794 0.00670751
  0.255972 0.00657695
   0.27098 0.00644273
  0.286865 0.00629834
  0.304824 0.00614155
  0.324407 0.00596108
  0.343989 0.00578533
  0.363571 0.00561134
  0.383154 0.00544158
  0.402736 0.00527514
  0.422319 0.00511092
  0.441901 0.00494813
  0.461484 0.00478621
  0.481066 0.00462453
  0.500648 0.00446427
  0.520231 0.00430662
  0.539813 0.00415336
  0.559396 0.00400253
  0.578978 0.00385568
   0.59856 0.00371187
  0.618143 0.00357053
  0.637725 0.00343238
  0.657308 0.00329809
   0.67689 0.00316689
  0.696473 0.00303883
  0.716055 0.00291602
  0.735637 0.00279749
   0.75522 0.00268172
  0.774802 0.00257103
  0.794385  0.0024657
  0.813967 0.00236764
  0.833549 0.00227648
  0.853132 0.00219245
  0.872714 0.00211563
  0.892297 0.00204682
  0.911879 0.00198713
  0.931462 0.00193757
  0.951044 0.00189864
  0.970626 0.00187038
  0.990209 0.00185397
   1.00979 0.00184923
   1.02937 0.00185551
   1.04896 0.00187327
   1.06854 0.00190206
   1.08812 0.00194165
    1.1077 0.00199173
   1.12729 0.00205241
   1.14687 0.00212327
   1.16645 0.00220353
   1.18603 0.00229175
   1.20562 0.00238761
    1.2252 0.00249004
   1.24478  0.0025985
   1.26436 0.00271218
   1.28395 0.00283008
   1.30353 0.00295203
   1.32311 0.00307814
   1.34269 0.00320739
   1.36228 0.00334142
   1.38186  0.0034783
   1.40144 0.00361884
   1.42102 0.00376332
   1.44061 0.00390842
   1.46019 0.00405558
   1.47977 0.00420491
   1.49935 0.00435476
   1.51894 0.00450801
   1.53852 0.00466503
    1.5581 0.00482544
   1.57768 0.00499006
   1.59727 0.00515867
   1.61685 0.00532981
   1.63643 0.00550353
   1.65601 0.00567925
    1.6756 0.00585458
   1.69518 0.00603836
   1.71314 0.00619923
   1.72902  0.0063471
   1.74403 0.00648578
   1.75821 0.00661906
    1.7716 0.00674721
   1.78426 0.00686832
   1.79621 0.00698284
   1.80751  0.0070907
   1.81818   0.007193
   1.82826 0.00729127
   1.83779 0.00738616
   1.84679 0.00747888
   1.85529 0.00757031
   1.86332 0.00766109
   1.87091 0.00775122
   1.87808 0.00784123
   1.88485 0.00793155
   1.89125 0.00802274
   1.89729 0.00811499
     1.903  0.0082082
    1.9084 0.00830222
    1.9135 0.00839735
   1.91831 0.00849433
   1.92286  0.0085938
   1.92716 0.00869596
   1.93122 0.00880092
   1.93506 0.00890891
   1.93868 0.00902031
   1.94211 0.00913548
   1.94534 0.00925484
    1.9484 0.00937878
   1.95129 0.00950762
   1.95401 0.00964157
   1.95659 0.00978071
   1.95903 0.00992497
   1.96133  0.0100741
    1.9635  0.0102276
   1.96555  0.0103847
   1.96749  0.0105445
   1.96933  0.0107055
   1.97106  0.0108661
   1.97269  0.0110239
   1.97424  0.0111766
    1.9757  0.0113209
   1.97708  0.0114538
   1.97838  0.0115715
   1.97961  0.0116702
   1.98077   0.011746
   1.98187  0.0117949
   1.98291  0.0118129
   1.98389  0.0117962
   1.98482  0.0117415
   1.98569  0.0116457
   1.98652  0.0115066
    1.9873  0.0113224
   1.98804  0.0110925
   1.98874  0.0108172
    1.9894  0.0104976
   1.99002  0.0101362
   1.99061 0.00973631
   1.99116 0.00930247
   1.99169 0.00883991
   1.99218 0.00835456
   1.99265 0.00785284
    1.9931  0.0073331
   1.99355 0.00678487
   1.99399 0.00620561
   1.99444 0.00560055
   1.99488  0.0049767
   1.99533 0.00434282
   1.99577 0.00370938
   1.99622 0.00308826
   1.99666 0.00249226
   1.99711  0.0019345
   1.99755 0.00142769
     1.998 0.000983412
   1.99844 0.000611759
   1.99889 0.000321266
   1.99933 0.000119451
   1.99978 1.39031e-05
