 0.0002225 0.000541083
 0.0006675 0.00129278
 0.0011125 0.00178525
 0.0015575 0.00208971
 0.0020025 0.00225737
 0.0024475 0.00232686
 0.0028925 0.00232814
 0.0033375  0.0022832
 0.0037825 0.00220755
 0.0042275 0.00211195
 0.0046725  0.0020038
 0.0051175 0.00188807
 0.0055625 0.00176806
 0.0060075 0.00164589
 0.0064525 0.00152285
 0.0068975  0.0013995
 0.0073476 0.00127487
0.00781612 0.00114649
0.00831203 0.00101321
0.00883694 0.00087544
0.00939255 0.000733966
0.00998065 0.000590041
 0.0106031 0.000445282
  0.011262 0.000301616
 0.0119594 0.000161229
 0.0126977 2.64778e-05
  0.013479 -0.000100223
 0.0143061 -0.000216532
 0.0151815 -0.000320323
 0.0161082 -0.000409815
  0.017089 -0.00048369
 0.0181271 -0.000541174
  0.019226 -0.000582068
 0.0203891 -0.000606723
 0.0216203 -0.000615991
 0.0229234 -0.000611171
 0.0243028 -0.000593928
 0.0257628 -0.000566208
 0.0273082 -0.000530185
  0.028944 -0.000488187
 0.0306754 -0.000442496
 0.0325081 -0.000395127
 0.0344479 -0.000347765
 0.0365012 -0.00030184
 0.0386746 -0.000258625
  0.040975 -0.000219255
   0.04341 -0.000184633
 0.0459873 -0.00015542
 0.0487154 -0.000132014
  0.051603 -0.000114302
 0.0546595 -0.000101719
 0.0578947 -9.35957e-05
 0.0613191 -8.90863e-05
 0.0649437 -8.70471e-05
 0.0687803 -8.66955e-05
 0.0728413 -8.73546e-05
 0.0771397 -8.83559e-05
 0.0816895 -8.94221e-05
 0.0865054 -9.01393e-05
 0.0916029 -9.01292e-05
 0.0969985 -8.92653e-05
   0.10271 -8.78526e-05
  0.108755 -8.58308e-05
  0.115153 -8.38007e-05
  0.121926 -8.14604e-05
  0.129095 -7.84299e-05
  0.136683 -7.5121e-05
  0.144715 -7.14895e-05
  0.153216 -6.78927e-05
  0.162214 -6.515e-05
  0.171739 -6.25247e-05
  0.181821 -6.05567e-05
  0.192492 -5.84635e-05
  0.203788 -5.76252e-05
  0.215744 -5.73547e-05
  0.228399 -5.60439e-05
  0.241794 -5.22924e-05
  0.255972 -4.74227e-05
   0.27098 -4.04521e-05
  0.286865 -4.17181e-05
  0.304824 -5.80506e-05
  0.324407 -3.68134e-05
  0.343989 -2.69274e-05
  0.363571 -2.45889e-05
  0.383154 -2.33802e-05
  0.402736 -2.19528e-05
  0.422319 -2.14114e-05
  0.441901 -2.1703e-05
  0.461484 -2.25248e-05
  0.481066 -2.37566e-05
  0.500648 -2.29783e-05
  0.520231 -2.1976e-05
  0.539813 -2.10662e-05
  0.559396 -1.98515e-05
  0.578978 -2.02801e-05
   0.59856 -2.16537e-05
  0.618143 -2.37662e-05
  0.637725 -2.44447e-05
  0.657308 -2.49141e-05
   0.67689 -2.50836e-05
  0.696473 -2.50393e-05
  0.716055 -2.4284e-05
  0.735637 -2.37572e-05
   0.75522 -2.29271e-05
  0.774802 -2.2665e-05
  0.794385 -2.18722e-05
  0.813967 -2.08642e-05
  0.833549 -1.94884e-05
  0.853132 -1.8903e-05
  0.872714 -1.87183e-05
  0.892297 -1.8451e-05
  0.911879 -1.83395e-05
  0.931462 -1.81522e-05
  0.951044 -1.78006e-05
  0.970626 -1.78605e-05
  0.990209 -1.80484e-05
   1.00979 -1.86606e-05
   1.02937 -1.93557e-05
   1.04896 -1.93947e-05
   1.06854 -1.90128e-05
   1.08812 -1.90976e-05
    1.1077 -1.93091e-05
   1.12729 -1.90882e-05
   1.14687 -1.92373e-05
   1.16645 -1.99658e-05
   1.18603 -2.13907e-05
   1.20562 -2.20395e-05
    1.2252 -2.35011e-05
   1.24478 -2.48017e-05
   1.26436 -2.44738e-05
   1.28395 -2.37411e-05
   1.30353 -2.26392e-05
   1.32311 -2.10679e-05
   1.34269 -2.0986e-05
   1.36228 -2.16684e-05
   1.38186 -2.22578e-05
   1.40144 -2.27629e-05
   1.42102 -2.38563e-05
   1.44061 -2.46062e-05
   1.46019 -2.39545e-05
   1.47977 -2.35115e-05
   1.49935 -2.43655e-05
   1.51894 -2.48199e-05
   1.53852 -2.48758e-05
    1.5581 -2.49354e-05
   1.57768 -2.52539e-05
   1.59727 -2.5906e-05
   1.61685 -2.39494e-05
   1.63643 -2.53422e-05
   1.65601 -2.53451e-05
    1.6756 -3.21974e-05
   1.69518 -5.43087e-05
   1.71314 -3.8307e-05
   1.72902 -3.68728e-05
   1.74403 -4.1941e-05
   1.75821 -4.44326e-05
    1.7716 -4.65155e-05
   1.78426 -4.84967e-05
   1.79621 -5.17668e-05
   1.80751 -5.50849e-05
   1.81818 -5.80746e-05
   1.82826 -5.98232e-05
   1.83779 -6.2719e-05
   1.84679 -6.68965e-05
   1.85529 -7.00673e-05
   1.86332 -7.27643e-05
   1.87091 -7.58333e-05
   1.87808 -7.92046e-05
   1.88485 -8.26492e-05
   1.89125 -8.58275e-05
   1.89729 -8.89972e-05
     1.903 -9.24929e-05
    1.9084 -9.52987e-05
    1.9135 -9.65976e-05
   1.91831 -9.64041e-05
   1.92286 -9.53887e-05
   1.92716 -9.46121e-05
   1.93122 -9.42074e-05
   1.93506 -9.43304e-05
   1.93868 -9.60338e-05
   1.94211 -0.000100415
   1.94534 -0.000108499
    1.9484 -0.000121005
   1.95129 -0.000138234
   1.95401 -0.000160402
   1.95659 -0.000187817
   1.95903 -0.000220622
   1.96133 -0.000258402
    1.9635 -0.000300225
   1.96555 -0.000344934
   1.96749 -0.000391148
   1.96933 -0.00043721
   1.97106 -0.000481233
   1.97269 -0.000521134
   1.97424 -0.000554756
    1.9757 -0.000579929
   1.97708 -0.000594578
   1.97838 -0.000596875
   1.97961 -0.000585298
   1.98077 -0.000558679
   1.98187 -0.000516262
   1.98291 -0.000457765
   1.98389 -0.000383433
   1.98482 -0.000294058
   1.98569 -0.000190942
   1.98652 -7.58226e-05
    1.9873 4.92314e-05
   1.98804 0.000181953
   1.98874 0.000320005
    1.9894 0.000461111
   1.99002 0.000603164
   1.99061 0.000744302
   1.99116 0.000882963
   1.99169 0.00101794
   1.99218 0.00114846
   1.99265 0.00127413
    1.9931 0.00139607
   1.99355 0.00151671
   1.99399 0.00163696
   1.99444 0.00175624
   1.99488 0.00187325
   1.99533 0.00198586
   1.99577 0.00209079
   1.99622 0.00218312
   1.99666 0.00225556
   1.99711 0.00229751
   1.99755 0.00229376
     1.998 0.00222279
   1.99844 0.00205539
   1.99889 0.00175391
   1.99933 0.00126854
   1.99978 0.000530174
