 0.0002225 8.39141e-07
 0.0006675 3.41531e-05
 0.0011125 0.000165953
 0.0015575 0.000467813
 0.0020025 0.00100182
 0.0024475  0.0018145
 0.0028925 0.00293085
 0.0033375 0.00435037
 0.0037825  0.0060472
 0.0042275 0.00797406
 0.0046725  0.0100686
 0.0051175  0.0122606
 0.0055625   0.014479
 0.0060075  0.0166576
 0.0064525  0.0187388
 0.0068975  0.0206763
 0.0073476   0.022455
0.00781612  0.0240887
0.00831203  0.0255603
0.00883694  0.0268256
0.00939255   0.027847
0.00998065  0.0285962
 0.0106031  0.0290552
  0.011262  0.0292179
 0.0119594  0.0290896
 0.0126977  0.0286864
  0.013479  0.0280333
 0.0143061  0.0271623
 0.0151815  0.0261096
 0.0161082   0.024914
  0.017089  0.0236137
 0.0181271  0.0222455
  0.019226  0.0208427
 0.0203891  0.0194348
 0.0216203  0.0180465
 0.0229234   0.016698
 0.0243028  0.0154052
 0.0257628  0.0141796
 0.0273082   0.013029
  0.028944   0.011958
 0.0306754  0.0109686
 0.0325081  0.0100603
 0.0344479 0.00923109
 0.0365012 0.00847782
 0.0386746 0.00779646
  0.040975 0.00718223
   0.04341 0.00662963
 0.0459873 0.00613292
 0.0487154 0.00568656
  0.051603 0.00528527
 0.0546595 0.00492389
 0.0578947  0.0045973
 0.0613191   0.004301
 0.0649437 0.00403144
 0.0687803 0.00378551
 0.0728413 0.00356021
 0.0771397  0.0033526
 0.0816895 0.00316006
 0.0865054  0.0029808
 0.0916029 0.00281387
 0.0969985 0.00265836
   0.10271   0.002513
  0.108755 0.00237621
  0.115153 0.00224608
  0.121926 0.00212192
  0.129095 0.00200449
  0.136683 0.00189448
  0.144715 0.00179069
  0.153216 0.00169124
  0.162214  0.0015955
  0.171739 0.00150288
  0.181821 0.00141406
  0.192492 0.00132839
  0.203788 0.00124863
  0.215744 0.00117315
  0.228399 0.00110365
  0.241794 0.00103572
  0.255972 0.00097433
   0.27098  0.0009138
  0.286865 0.000857044
  0.304824 0.000810313
  0.324407 0.000753945
  0.343989 0.000699441
  0.363571 0.000650153
  0.383154 0.000604782
  0.402736 0.00056455
  0.422319 0.000524968
  0.441901 0.000487899
  0.461484 0.000453911
  0.481066 0.000422441
  0.500648 0.000393012
  0.520231 0.000366073
  0.539813 0.000340459
  0.559396 0.000315875
  0.578978 0.000291134
   0.59856 0.000268121
  0.618143 0.000247229
  0.637725 0.000227133
  0.657308 0.000206997
   0.67689 0.000187817
  0.696473 0.000169478
  0.716055 0.000151634
  0.735637 0.000134646
   0.75522 0.000118917
  0.774802 0.000104195
  0.794385 9.03352e-05
  0.813967 7.74207e-05
  0.833549 6.51951e-05
  0.853132 5.36283e-05
  0.872714 4.28887e-05
  0.892297 3.34808e-05
  0.911879 2.55749e-05
  0.931462 1.9159e-05
  0.951044 1.41879e-05
  0.970626 1.07386e-05
  0.990209 8.94461e-06
   1.00979 8.83962e-06
   1.02937 1.02565e-05
   1.04896 1.31211e-05
   1.06854 1.73963e-05
   1.08812 2.32881e-05
    1.1077 3.07493e-05
   1.12729 3.9409e-05
   1.14687 4.91491e-05
   1.16645 5.98165e-05
   1.18603 7.15435e-05
   1.20562 8.47297e-05
    1.2252 9.90615e-05
   1.24478 0.000114253
   1.26436 0.00013004
   1.28395 0.000146565
   1.30353 0.000163904
   1.32311 0.000182409
   1.34269 0.000201752
   1.36228 0.000221381
   1.38186 0.000241219
   1.40144  0.0002613
   1.42102 0.000282203
   1.44061 0.000305708
   1.46019 0.00033091
   1.47977 0.000356741
   1.49935 0.000383619
   1.51894 0.000413028
   1.53852 0.000444601
    1.5581 0.000480129
   1.57768 0.000517889
   1.59727 0.00055947
   1.61685 0.000605311
   1.63643 0.000657494
   1.65601 0.000710902
    1.6756 0.000768355
   1.69518 0.000829921
   1.71314 0.000882304
   1.72902 0.000943139
   1.74403 0.00100469
   1.75821 0.00106488
    1.7716 0.00113172
   1.78426 0.00120074
   1.79621 0.00127231
   1.80751 0.00134377
   1.81818 0.00141886
   1.82826 0.00149922
   1.83779 0.00158623
   1.84679 0.00167899
   1.85529 0.00177771
   1.86332 0.00188191
   1.87091 0.00199108
   1.87808 0.00210534
   1.88485 0.00222477
   1.89125 0.00235027
   1.89729 0.00248356
     1.903 0.00262609
    1.9084 0.00277841
    1.9135 0.00294089
   1.91831 0.00311457
   1.92286  0.0033017
   1.92716 0.00350462
   1.93122 0.00372547
   1.93506 0.00396649
   1.93868 0.00423013
   1.94211 0.00451987
   1.94534 0.00484029
    1.9484 0.00519615
   1.95129 0.00559196
   1.95401 0.00603249
   1.95659 0.00652294
   1.95903 0.00706872
   1.96133 0.00767521
    1.9635 0.00834778
   1.96555 0.00909159
   1.96749 0.00991105
   1.96933  0.0108094
   1.97106  0.0117882
   1.97269  0.0128476
   1.97424   0.013985
    1.9757  0.0151959
   1.97708   0.016472
   1.97838  0.0178018
   1.97961  0.0191696
   1.98077   0.020555
   1.98187  0.0219331
   1.98291  0.0232748
   1.98389  0.0245466
   1.98482  0.0257122
   1.98569  0.0267338
   1.98652  0.0275735
    1.9873  0.0281958
   1.98804  0.0285699
   1.98874  0.0286719
    1.9894  0.0284871
   1.99002  0.0280111
   1.99061  0.0272512
   1.99116  0.0262259
   1.99169  0.0249642
   1.99218  0.0235037
   1.99265  0.0218882
    1.9931  0.0201346
   1.99355  0.0182296
   1.99399  0.0161884
   1.99444  0.0140567
   1.99488  0.0118907
   1.99533 0.00975503
   1.99577 0.00771827
   1.99622 0.00584791
   1.99666 0.00420352
   1.99711 0.00282986
   1.99755  0.0017509
     1.998 0.00096624
   1.99844 0.000451035
   1.99889 0.000159961
   1.99933 3.29138e-05
   1.99978 8.08217e-07
