 0.0002225 5.24764e-06
 0.0006675 7.26319e-05
 0.0011125 0.000306015
 0.0015575 0.000789235
 0.0020025 0.00155856
 0.0024475 0.00258104
 0.0028925 0.00375698
 0.0033375 0.00494515
 0.0037825 0.00599718
 0.0042275  0.0067881
 0.0046725  0.0072349
 0.0051175 0.00730226
 0.0055625   0.006998
 0.0060075 0.00636287
 0.0064525  0.0054585
 0.0068975 0.00435622
 0.0073476 0.00311461
0.00781612 0.00176089
0.00831203 0.000329591
0.00883694 -0.00111747
0.00939255 -0.00251704
0.00998065 -0.00380954
 0.0106031 -0.00494353
  0.011262 -0.0058792
 0.0119594 -0.00659059
 0.0126977 -0.00706631
  0.013479 -0.00730895
 0.0143061 -0.00733324
 0.0151815 -0.00716348
 0.0161082 -0.00683043
  0.017089 -0.00636829
 0.0181271 -0.00581192
  0.019226 -0.00519461
 0.0203891 -0.00454654
 0.0216203 -0.00389389
 0.0229234 -0.00325832
 0.0243028 -0.00265687
 0.0257628 -0.00210201
 0.0273082 -0.00160191
  0.028944 -0.00116082
 0.0306754 -0.000779742
 0.0325081 -0.00045743
 0.0344479 -0.000191079
 0.0365012 2.33583e-05
 0.0386746 0.000190309
  0.040975 0.000314785
   0.04341 0.000402471
 0.0459873 0.00045955
 0.0487154 0.000492023
  0.051603 0.000504577
 0.0546595 0.000501375
 0.0578947 0.000486134
 0.0613191 0.000462484
 0.0649437 0.000432707
 0.0687803 0.000398326
 0.0728413 0.000360524
 0.0771397 0.000321078
 0.0816895 0.00028155
 0.0865054 0.000243245
 0.0916029 0.000205717
 0.0969985 0.000168892
   0.10271 0.00013467
  0.108755 0.000102809
  0.115153 7.50822e-05
  0.121926 5.20398e-05
  0.129095 3.19724e-05
  0.136683 1.37747e-05
  0.144715 -2.92624e-06
  0.153216 -1.75613e-05
  0.162214 -2.763e-05
  0.171739 -3.35178e-05
  0.181821 -3.53572e-05
  0.192492 -3.54631e-05
  0.203788 -3.38131e-05
  0.215744 -3.12357e-05
  0.228399 -3.06641e-05
  0.241794 -2.87418e-05
  0.255972 -2.97845e-05
   0.27098 -2.75838e-05
  0.286865 -2.2071e-05
  0.304824 -4.4781e-05
  0.324407 -5.12341e-05
  0.343989 -4.56803e-05
  0.363571 -3.74339e-05
  0.383154 -2.91678e-05
  0.402736 -2.3854e-05
  0.422319 -1.5753e-05
  0.441901 -7.08345e-06
  0.461484 6.61509e-07
  0.481066 7.53915e-06
  0.500648 1.24087e-05
  0.520231 1.6156e-05
  0.539813 2.05735e-05
  0.559396 2.44173e-05
  0.578978 3.14699e-05
   0.59856 3.88593e-05
  0.618143 4.57387e-05
  0.637725 5.13505e-05
  0.657308 5.7868e-05
   0.67689 6.39688e-05
  0.696473 6.95368e-05
  0.716055 7.49635e-05
  0.735637 8.07857e-05
   0.75522 8.53539e-05
  0.774802 9.04065e-05
  0.794385 9.45591e-05
  0.813967 9.85861e-05
  0.833549 0.000102213
  0.853132 0.000106638
  0.872714 0.000111256
  0.892297 0.000115267
  0.911879 0.00011885
  0.931462  0.0001218
  0.951044 0.000123972
  0.970626 0.000125621
  0.990209 0.000126727
   1.00979 0.000127375
   1.02937 0.000127199
   1.04896 0.000125863
   1.06854 0.000123481
   1.08812 0.000120591
    1.1077 0.000116926
   1.12729 0.000112501
   1.14687 0.000108281
   1.16645 0.00010464
   1.18603 0.000101155
   1.20562 9.62286e-05
    1.2252 9.17547e-05
   1.24478 8.72783e-05
   1.26436 8.14396e-05
   1.28395 7.48632e-05
   1.30353 6.80115e-05
   1.32311 6.06395e-05
   1.34269 5.43531e-05
   1.36228 4.99023e-05
   1.38186 4.57939e-05
   1.40144 4.23842e-05
   1.42102 4.02869e-05
   1.44061 3.57383e-05
   1.46019 2.94362e-05
   1.47977 2.42098e-05
   1.49935 1.99058e-05
   1.51894 1.46764e-05
   1.53852 8.93441e-06
    1.5581 1.1693e-06
   1.57768 -6.18976e-06
   1.59727 -1.40438e-05
   1.61685 -2.56735e-05
   1.63643 -3.71282e-05
   1.65601 -4.87341e-05
    1.6756 -5.86711e-05
   1.69518 -5.47237e-05
   1.71314 -3.50667e-05
   1.72902 -4.43332e-05
   1.74403 -4.83171e-05
   1.75821 -4.81885e-05
    1.7716 -4.98165e-05
   1.78426 -4.99175e-05
   1.79621 -4.68494e-05
   1.80751 -3.93604e-05
   1.81818 -3.08274e-05
   1.82826 -2.25486e-05
   1.83779 -1.35444e-05
   1.84679 -1.90552e-06
   1.85529 1.03439e-05
   1.86332 2.48998e-05
   1.87091 4.27208e-05
   1.87808 6.47452e-05
   1.88485 9.08872e-05
   1.89125 0.000120897
   1.89729 0.000154104
     1.903 0.00019014
    1.9084 0.000227726
    1.9135 0.000266065
   1.91831 0.000305249
   1.92286 0.000345058
   1.92716 0.000384443
   1.93122 0.000421708
   1.93506  0.0004553
   1.93868 0.000484541
   1.94211 0.000507565
   1.94534 0.000521517
    1.9484 0.000523157
   1.95129 0.000508756
   1.95401 0.000473732
   1.95659 0.000413302
   1.95903 0.000322832
   1.96133 0.000196737
    1.9635 2.89373e-05
   1.96555 -0.000186401
   1.96749 -0.000454118
   1.96933 -0.000777874
   1.97106 -0.00116023
   1.97269 -0.00160226
   1.97424 -0.00210243
    1.9757 -0.00265606
   1.97708 -0.00325491
   1.97838 -0.00388643
   1.97961 -0.00453332
   1.98077 -0.00517381
   1.98187 -0.00578182
   1.98291 -0.00632737
   1.98389 -0.0067775
   1.98482 -0.00709798
   1.98569 -0.00725554
   1.98652 -0.00722059
    1.9873 -0.00697017
   1.98804 -0.00649084
   1.98874 -0.00578118
    1.9894 -0.00485345
   1.99002 -0.00373413
   1.99061 -0.00246307
   1.99116 -0.00109126
   1.99169 0.000322695
   1.99218 0.00171699
   1.99265 0.00303158
    1.9931 0.00423327
   1.99355 0.00529594
   1.99399 0.00616332
   1.99444 0.00676732
   1.99488 0.00704976
   1.99533  0.0069731
   1.99577 0.00653174
   1.99622 0.00576158
   1.99666 0.00474384
   1.99711 0.00359921
   1.99755  0.0024698
     1.998 0.00149002
   1.99844 0.000754031
   1.99889 0.000292264
   1.99933 6.93722e-05
   1.99978 5.02282e-06
