 0.0002225 0.00449609
 0.0006675   0.013422
 0.0011125  0.0223011
 0.0015575  0.0311202
 0.0020025   0.039841
 0.0024475   0.048406
 0.0028925  0.0567465
 0.0033375  0.0647917
 0.0037825   0.072476
 0.0042275  0.0797438
 0.0046725  0.0865536
 0.0051175  0.0928777
 0.0055625  0.0987023
 0.0060075   0.104026
 0.0064525   0.108857
 0.0068975   0.113211
 0.0073476   0.117157
0.00781612   0.120805
0.00831203   0.124186
0.00883694    0.12727
0.00939255   0.130033
0.00998065   0.132455
 0.0106031   0.134524
  0.011262   0.136232
 0.0119594   0.137577
 0.0126977   0.138564
  0.013479   0.139201
 0.0143061   0.139502
 0.0151815   0.139483
 0.0161082   0.139166
  0.017089   0.138573
 0.0181271   0.137728
  0.019226   0.136658
 0.0203891   0.135389
 0.0216203    0.13395
 0.0229234   0.132367
 0.0243028   0.130667
 0.0257628   0.128877
 0.0273082   0.127022
  0.028944   0.125126
 0.0306754   0.123212
 0.0325081     0.1213
 0.0344479   0.119409
 0.0365012   0.117554
 0.0386746    0.11575
  0.040975   0.114007
   0.04341   0.112334
 0.0459873   0.110737
 0.0487154   0.109223
  0.051603   0.107793
 0.0546595   0.106449
 0.0578947   0.105192
 0.0613191   0.104019
 0.0649437   0.102928
 0.0687803   0.101913
 0.0728413   0.100968
 0.0771397   0.100087
 0.0816895  0.0992633
 0.0865054  0.0984921
 0.0916029  0.0977658
 0.0969985  0.0970783
   0.10271  0.0964242
  0.108755  0.0957939
  0.115153  0.0951815
  0.121926  0.0945831
  0.129095  0.0939925
  0.136683  0.0934005
  0.144715  0.0927964
  0.153216  0.0921711
  0.162214  0.0915232
  0.171739  0.0908478
  0.181821  0.0901377
  0.192492  0.0893908
  0.203788  0.0886098
  0.215744  0.0877867
  0.228399  0.0869153
  0.241794  0.0860065
  0.255972  0.0850804
   0.27098  0.0841135
  0.286865  0.0830601
  0.304824  0.0818826
  0.324407  0.0805087
  0.343989  0.0791359
  0.363571  0.0777612
  0.383154  0.0764102
  0.402736  0.0750927
  0.422319  0.0737744
  0.441901   0.072436
  0.461484  0.0711057
  0.481066  0.0697804
  0.500648  0.0684536
  0.520231  0.0671175
  0.539813  0.0657832
  0.559396  0.0644322
  0.578978  0.0631111
   0.59856  0.0618166
  0.618143  0.0605328
  0.637725  0.0592459
  0.657308  0.0579635
   0.67689  0.0566925
  0.696473  0.0554312
  0.716055  0.0541906
  0.735637  0.0529576
   0.75522  0.0517064
  0.774802  0.0504567
  0.794385  0.0492271
  0.813967  0.0480422
  0.833549   0.046912
  0.853132  0.0458228
  0.872714  0.0447789
  0.892297  0.0438101
  0.911879  0.0429423
  0.931462  0.0421882
  0.951044   0.041587
  0.970626  0.0411321
  0.990209  0.0408525
   1.00979  0.0407454
   1.02937  0.0408038
   1.04896  0.0410305
   1.06854   0.041419
   1.08812   0.041965
    1.1077  0.0426677
   1.12729  0.0435136
   1.14687  0.0444731
   1.16645  0.0455204
   1.18603  0.0466364
   1.20562  0.0478128
    1.2252  0.0490382
   1.24478   0.050307
   1.26436  0.0516032
   1.28395  0.0529005
   1.30353   0.054197
   1.32311  0.0554902
   1.34269   0.056771
   1.36228  0.0580566
   1.38186  0.0593318
   1.40144   0.060616
   1.42102  0.0619156
   1.44061   0.063187
   1.46019  0.0644485
   1.47977  0.0656973
   1.49935  0.0669153
   1.51894  0.0681367
   1.53852  0.0693926
    1.5581  0.0706737
   1.57768  0.0719676
   1.59727  0.0732909
   1.61685  0.0746371
   1.63643  0.0759862
   1.65601  0.0773326
    1.6756   0.078675
   1.69518  0.0800681
   1.71314  0.0813073
   1.72902  0.0824379
   1.74403  0.0834853
   1.75821  0.0844576
    1.7716  0.0853623
   1.78426  0.0861984
   1.79621  0.0869835
   1.80751  0.0877201
   1.81818  0.0884202
   1.82826  0.0890883
   1.83779  0.0897214
   1.84679  0.0903313
   1.85529  0.0909302
   1.86332  0.0915244
   1.87091  0.0921188
   1.87808  0.0927231
   1.88485  0.0933421
   1.89125   0.093979
   1.89729  0.0946369
     1.903  0.0953202
    1.9084  0.0960336
    1.9135  0.0967833
   1.91831  0.0975798
   1.92286  0.0984323
   1.92716  0.0993475
   1.93122    0.10033
   1.93506   0.101384
   1.93868   0.102516
   1.94211   0.103728
   1.94534   0.105023
    1.9484   0.106404
   1.95129   0.107872
   1.95401   0.109426
   1.95659    0.11106
   1.95903    0.11277
   1.96133   0.114549
    1.9635   0.116386
   1.96555   0.118269
   1.96749   0.120185
   1.96933   0.122117
   1.97106   0.124047
   1.97269   0.125955
   1.97424   0.127818
    1.9757   0.129613
   1.97708   0.131315
   1.97838   0.132896
   1.97961   0.134331
   1.98077   0.135592
   1.98187   0.136652
   1.98291   0.137485
   1.98389   0.138064
   1.98482   0.138364
   1.98569   0.138365
   1.98652   0.138046
    1.9873    0.13739
   1.98804   0.136384
   1.98874   0.135021
    1.9894   0.133297
   1.99002   0.131215
   1.99061   0.128782
   1.99116   0.126012
   1.99169   0.122925
   1.99218   0.119546
   1.99265   0.115905
    1.9931   0.111972
   1.99355   0.107636
   1.99399   0.102831
   1.99444  0.0975423
   1.99488  0.0917616
   1.99533  0.0854915
   1.99577  0.0787465
   1.99622   0.071554
   1.99666  0.0639556
   1.99711  0.0560057
   1.99755  0.0477687
     1.998  0.0393137
   1.99844  0.0307074
   1.99889  0.0220053
   1.99933  0.0132443
   1.99978 0.00443684
