 0.0002225 2.23889e-05
 0.0006675 0.000220153
 0.0011125 0.000572295
 0.0015575 0.00105878
 0.0020025 0.00165009
 0.0024475 0.00232374
 0.0028925 0.00306238
 0.0033375 0.00385162
 0.0037825 0.00467932
 0.0042275 0.00553539
 0.0046725 0.00641152
 0.0051175 0.00730093
 0.0055625 0.00819812
 0.0060075 0.00909863
 0.0064525 0.00999887
 0.0068975   0.010896
 0.0073476  0.0117981
0.00781612  0.0127298
0.00831203   0.013706
0.00883694  0.0147262
0.00939255  0.0157898
0.00998065  0.0168957
 0.0106031  0.0180428
  0.011262  0.0192293
 0.0119594  0.0204532
 0.0126977  0.0217119
  0.013479  0.0230025
 0.0143061  0.0243216
 0.0151815  0.0256651
 0.0161082  0.0270289
  0.017089  0.0284079
 0.0181271   0.029797
  0.019226  0.0311907
 0.0203891   0.032583
 0.0216203  0.0339678
 0.0229234  0.0353387
 0.0243028  0.0366894
 0.0257628  0.0380135
 0.0273082  0.0393044
  0.028944  0.0405559
 0.0306754  0.0417619
 0.0325081  0.0429168
 0.0344479  0.0440153
 0.0365012   0.045053
 0.0386746  0.0460259
  0.040975  0.0469311
   0.04341  0.0477661
 0.0459873  0.0485296
 0.0487154   0.049221
  0.051603  0.0498406
 0.0546595  0.0503896
 0.0578947  0.0508701
 0.0613191  0.0512851
 0.0649437  0.0516384
 0.0687803  0.0519338
 0.0728413  0.0521758
 0.0771397  0.0523683
 0.0816895  0.0525156
 0.0865054  0.0526212
 0.0916029  0.0526889
 0.0969985  0.0527221
   0.10271  0.0527246
  0.108755  0.0527004
  0.115153  0.0526522
  0.121926   0.052581
  0.129095  0.0524862
  0.136683  0.0523666
  0.144715  0.0522232
  0.153216  0.0520584
  0.162214   0.051874
  0.171739  0.0516717
  0.181821  0.0514534
  0.192492   0.051217
  0.203788   0.050962
  0.215744  0.0506861
  0.228399  0.0503927
  0.241794  0.0500756
  0.255972   0.049738
   0.27098  0.0493789
  0.286865   0.048996
  0.304824  0.0485622
  0.324407  0.0480566
  0.343989  0.0475506
  0.363571  0.0470398
  0.383154  0.0465242
  0.402736  0.0459918
  0.422319  0.0454474
  0.441901  0.0449066
  0.461484  0.0443498
  0.481066  0.0437831
  0.500648  0.0432065
  0.520231  0.0426196
  0.539813   0.042026
  0.559396  0.0414226
  0.578978  0.0408186
   0.59856  0.0402159
  0.618143  0.0396074
  0.637725  0.0390034
  0.657308  0.0384091
   0.67689  0.0378267
  0.696473  0.0372498
  0.716055  0.0366843
  0.735637  0.0361459
   0.75522  0.0356309
  0.774802  0.0351352
  0.794385  0.0346636
  0.813967  0.0342201
  0.833549  0.0338013
  0.853132  0.0334211
  0.872714  0.0330832
  0.892297  0.0327914
  0.911879  0.0325403
  0.931462    0.03234
  0.951044  0.0321877
  0.970626  0.0320862
  0.990209  0.0320322
   1.00979  0.0320233
   1.02937  0.0320595
   1.04896  0.0321479
   1.06854  0.0322788
   1.08812   0.032449
    1.1077  0.0326601
   1.12729  0.0329238
   1.14687   0.033232
   1.16645    0.03359
   1.18603  0.0339887
   1.20562  0.0344341
    1.2252  0.0349109
   1.24478   0.035417
   1.26436  0.0359435
   1.28395  0.0364825
   1.30353  0.0370292
   1.32311  0.0375888
   1.34269   0.038157
   1.36228  0.0387475
   1.38186  0.0393513
   1.40144  0.0399617
   1.42102  0.0405768
   1.44061  0.0411933
   1.46019  0.0418152
   1.47977  0.0424366
   1.49935  0.0430498
   1.51894    0.04366
   1.53852  0.0442664
    1.5581  0.0448645
   1.57768  0.0454584
   1.59727   0.046041
   1.61685   0.046607
   1.63643  0.0471622
   1.65601  0.0477221
    1.6756  0.0482679
   1.69518  0.0487875
   1.71314  0.0492305
   1.72902  0.0496278
   1.74403  0.0500056
   1.75821  0.0503652
    1.7716  0.0506997
   1.78426  0.0510029
   1.79621  0.0512809
   1.80751  0.0515335
   1.81818  0.0517584
   1.82826   0.051958
   1.83779  0.0521387
   1.84679  0.0523019
   1.85529  0.0524448
   1.86332  0.0525668
   1.87091  0.0526665
   1.87808  0.0527441
   1.88485   0.052798
   1.89125   0.052827
   1.89729  0.0528294
     1.903  0.0528039
    1.9084  0.0527487
    1.9135  0.0526614
   1.91831  0.0525377
   1.92286  0.0523733
   1.92716   0.052164
   1.93122  0.0519055
   1.93506  0.0515932
   1.93868  0.0512229
   1.94211  0.0507905
   1.94534  0.0502926
    1.9484  0.0497267
   1.95129  0.0490907
   1.95401  0.0483835
   1.95659  0.0476051
   1.95903   0.046756
   1.96133   0.045838
    1.9635  0.0448537
   1.96555  0.0438062
   1.96749  0.0426998
   1.96933  0.0415388
   1.97106  0.0403285
   1.97269  0.0390744
   1.97424  0.0377822
    1.9757  0.0364581
   1.97708  0.0351084
   1.97838  0.0337394
   1.97961  0.0323575
   1.98077  0.0309688
   1.98187  0.0295795
   1.98291  0.0281953
   1.98389  0.0268218
   1.98482  0.0254641
   1.98569  0.0241269
   1.98652  0.0228147
    1.9873  0.0215311
   1.98804  0.0202797
   1.98874  0.0190632
    1.9894  0.0178842
   1.99002  0.0167447
   1.99061  0.0156463
   1.99116  0.0145903
   1.99169  0.0135775
   1.99218  0.0126086
   1.99265  0.0116841
    1.9931  0.0107891
   1.99355 0.00989934
   1.99399 0.00900663
   1.99444 0.00811386
   1.99488 0.00722461
   1.99533  0.0063433
   1.99577 0.00547541
   1.99622 0.00462764
   1.99666 0.00380822
   1.99711 0.00302716
   1.99755 0.00229642
     1.998 0.00163023
   1.99844  0.0010457
   1.99889 0.000565001
   1.99933 0.000217199
   1.99978 2.19663e-05
