 0.0002225 0.00287195
 0.0006675 0.00802449
 0.0011125  0.0126592
 0.0015575  0.0168333
 0.0020025  0.0205962
 0.0024475  0.0239919
 0.0028925  0.0270607
 0.0033375  0.0298398
 0.0037825  0.0323634
 0.0042275  0.0346626
 0.0046725  0.0367654
 0.0051175  0.0386965
 0.0055625  0.0404774
 0.0060075  0.0421265
 0.0064525  0.0436597
 0.0068975    0.04509
 0.0073476   0.046445
0.00781612  0.0477684
0.00831203  0.0490802
0.00883694  0.0503788
0.00939255  0.0516622
0.00998065   0.052928
 0.0106031   0.054173
  0.011262  0.0553939
 0.0119594  0.0565867
 0.0126977  0.0577475
  0.013479  0.0588718
 0.0143061  0.0599557
 0.0151815  0.0609949
 0.0161082   0.061986
  0.017089  0.0629257
 0.0181271  0.0638114
  0.019226  0.0646415
 0.0203891  0.0654147
 0.0216203  0.0661307
 0.0229234  0.0667897
 0.0243028  0.0673925
 0.0257628    0.06794
 0.0273082  0.0684337
  0.028944  0.0688747
 0.0306754  0.0692643
 0.0325081  0.0696031
 0.0344479  0.0698916
 0.0365012  0.0701303
 0.0386746  0.0703195
  0.040975  0.0704593
   0.04341    0.07055
 0.0459873  0.0705919
 0.0487154  0.0705863
  0.051603   0.070534
 0.0546595  0.0704353
 0.0578947  0.0702903
 0.0613191  0.0701002
 0.0649437  0.0698682
 0.0687803  0.0695974
 0.0728413  0.0692904
 0.0771397  0.0689497
 0.0816895  0.0685781
 0.0865054  0.0681793
 0.0916029  0.0677577
 0.0969985  0.0673169
   0.10271  0.0668614
  0.108755  0.0663941
  0.115153  0.0659176
  0.121926  0.0654369
  0.129095  0.0649578
  0.136683  0.0644821
  0.144715  0.0640027
  0.153216  0.0635115
  0.162214  0.0630101
  0.171739  0.0624983
  0.181821  0.0619777
  0.192492  0.0614379
  0.203788   0.060894
  0.215744  0.0603417
  0.228399  0.0597951
  0.241794  0.0592482
  0.255972  0.0586632
   0.27098  0.0580698
  0.286865  0.0574204
  0.304824  0.0567455
  0.324407  0.0559559
  0.343989  0.0552006
  0.363571  0.0544347
  0.383154  0.0536669
  0.402736  0.0528783
  0.422319  0.0520934
  0.441901  0.0513096
  0.461484  0.0504926
  0.481066  0.0496265
  0.500648  0.0487426
  0.520231  0.0478753
  0.539813  0.0470437
  0.559396  0.0462355
  0.578978  0.0454114
   0.59856  0.0445549
  0.618143  0.0436817
  0.637725  0.0428185
  0.657308   0.041966
   0.67689  0.0410959
  0.696473   0.040218
  0.716055   0.039366
  0.735637   0.038522
   0.75522  0.0376872
  0.774802  0.0369012
  0.794385   0.036146
  0.813967  0.0354432
  0.833549  0.0347807
  0.853132  0.0341789
  0.872714  0.0336394
  0.892297  0.0331518
  0.911879  0.0327316
  0.931462  0.0323946
  0.951044   0.032121
  0.970626   0.031928
  0.990209  0.0318271
   1.00979  0.0318242
   1.02937  0.0319103
   1.04896  0.0320867
   1.06854  0.0323524
   1.08812  0.0327002
    1.1077  0.0331096
   1.12729  0.0335769
   1.14687  0.0341222
   1.16645  0.0347372
   1.18603  0.0354021
   1.20562  0.0361035
    1.2252  0.0368316
   1.24478  0.0375744
   1.26436  0.0383344
   1.28395  0.0391245
   1.30353  0.0399448
   1.32311  0.0407946
   1.34269   0.041664
   1.36228  0.0425546
   1.38186   0.043449
   1.40144  0.0443446
   1.42102  0.0452395
   1.44061  0.0461232
   1.46019  0.0470005
   1.47977  0.0478834
   1.49935  0.0487708
   1.51894  0.0496709
   1.53852  0.0505491
    1.5581  0.0514129
   1.57768  0.0522906
   1.59727  0.0531601
   1.61685  0.0540065
   1.63643  0.0548534
   1.65601  0.0556845
    1.6756  0.0564766
   1.69518  0.0573201
   1.71314  0.0579995
   1.72902  0.0586111
   1.74403  0.0591709
   1.75821  0.0597359
    1.7716  0.0603095
   1.78426  0.0608703
   1.79621  0.0613989
   1.80751  0.0618942
   1.81818  0.0623614
   1.82826  0.0628186
   1.83779  0.0632767
   1.84679  0.0637379
   1.85529  0.0642018
   1.86332  0.0646699
   1.87091  0.0651368
   1.87808  0.0655969
   1.88485   0.066051
   1.89125  0.0665037
   1.89729  0.0669545
     1.903   0.067396
    1.9084  0.0678201
    1.9135  0.0682237
   1.91831  0.0686049
   1.92286  0.0689616
   1.92716  0.0692886
   1.93122  0.0695813
   1.93506  0.0698368
   1.93868  0.0700528
   1.94211  0.0702274
   1.94534  0.0703596
    1.9484  0.0704479
   1.95129  0.0704903
   1.95401  0.0704857
   1.95659  0.0704332
   1.95903  0.0703324
   1.96133  0.0701826
    1.9635  0.0699832
   1.96555  0.0697341
   1.96749  0.0694353
   1.96933  0.0690868
   1.97106   0.068688
   1.97269  0.0682379
   1.97424  0.0677353
    1.9757  0.0671793
   1.97708  0.0665687
   1.97838  0.0659028
   1.97961  0.0651808
   1.98077  0.0644026
   1.98187  0.0635684
   1.98291  0.0626793
   1.98389  0.0617368
   1.98482  0.0607434
   1.98569  0.0597023
   1.98652  0.0586171
    1.9873  0.0574918
   1.98804  0.0563308
   1.98874  0.0551382
    1.9894  0.0539183
   1.99002  0.0526748
   1.99061  0.0514113
   1.99116  0.0501306
   1.99169  0.0488352
   1.99218  0.0475269
   1.99265  0.0462075
    1.9931  0.0448567
   1.99355  0.0434308
   1.99399  0.0419026
   1.99444  0.0402589
   1.99488   0.038484
   1.99533  0.0365595
   1.99577  0.0344641
   1.99622  0.0321734
   1.99666  0.0296598
   1.99711  0.0268926
   1.99755  0.0238381
     1.998  0.0204596
   1.99844  0.0167177
   1.99889   0.012569
   1.99933 0.00796509
   1.99978 0.00284959
