 0.0002225  0.0272094
 0.0006675  0.0248216
 0.0011125  0.0228433
 0.0015575   0.020857
 0.0020025   0.018583
 0.0024475  0.0158906
 0.0028925  0.0127909
 0.0033375 0.00940434
 0.0037825 0.00591229
 0.0042275 0.00250768
 0.0046725 -0.000641837
 0.0051175 -0.00341407
 0.0055625 -0.00573784
 0.0060075 -0.00758839
 0.0064525 -0.00897771
 0.0068975  -0.009943
 0.0073476 -0.0105455
0.00781612 -0.0108421
0.00831203 -0.0108584
0.00883694 -0.0106243
0.00939255 -0.0101794
0.00998065 -0.0095698
 0.0106031 -0.00884343
  0.011262 -0.00804692
 0.0119594 -0.00722248
 0.0126977 -0.00640584
  0.013479 -0.00562502
 0.0143061 -0.00490008
 0.0151815 -0.00424365
 0.0161082 -0.00366194
  0.017089 -0.00315609
 0.0181271 -0.00272357
  0.019226 -0.00235937
 0.0203891 -0.00205688
 0.0216203 -0.00180858
 0.0229234 -0.00160656
 0.0243028 -0.00144306
 0.0257628 -0.00131088
 0.0273082 -0.00120364
  0.028944 -0.00111584
 0.0306754 -0.00104299
 0.0325081 -0.00098133
 0.0344479 -0.000927714
 0.0365012 -0.000879774
 0.0386746 -0.000835291
  0.040975 -0.000792588
   0.04341 -0.000750824
 0.0459873 -0.000710141
 0.0487154  -0.000671
  0.051603 -0.000633143
 0.0546595 -0.000596555
 0.0578947 -0.000561127
 0.0613191 -0.000527439
 0.0649437 -0.000495768
 0.0687803 -0.000466124
 0.0728413 -0.000438069
 0.0771397 -0.000411766
 0.0816895 -0.00038707
 0.0865054 -0.000364479
 0.0916029 -0.000343457
 0.0969985 -0.00032391
   0.10271 -0.000306661
  0.108755 -0.000290511
  0.115153 -0.000275366
  0.121926 -0.000261895
  0.129095 -0.000250145
  0.136683 -0.000239845
  0.144715 -0.000230189
  0.153216 -0.000220309
  0.162214 -0.000211578
  0.171739 -0.000203571
  0.181821 -0.000196531
  0.192492 -0.000189052
  0.203788 -0.000183071
  0.215744 -0.00017684
  0.228399 -0.000171255
  0.241794 -0.000166499
  0.255972 -0.000162282
   0.27098 -0.000160299
  0.286865 -0.000162817
  0.304824 -0.000132141
  0.324407 -0.000133902
  0.343989 -0.000126579
  0.363571 -0.000117427
  0.383154 -0.000108894
  0.402736 -0.000100792
  0.422319 -9.32737e-05
  0.441901 -8.63075e-05
  0.461484 -7.98076e-05
  0.481066 -7.35235e-05
  0.500648 -6.77878e-05
  0.520231 -6.25382e-05
  0.539813 -5.80974e-05
  0.559396 -5.35343e-05
  0.578978 -4.96622e-05
   0.59856 -4.60396e-05
  0.618143 -4.25618e-05
  0.637725 -3.93259e-05
  0.657308 -3.6533e-05
   0.67689 -3.38242e-05
  0.696473 -3.10632e-05
  0.716055 -2.88518e-05
  0.735637 -2.69386e-05
   0.75522 -2.46953e-05
  0.774802 -2.29073e-05
  0.794385 -2.10498e-05
  0.813967 -1.967e-05
  0.833549 -1.83344e-05
  0.853132 -1.71379e-05
  0.872714 -1.59607e-05
  0.892297 -1.49104e-05
  0.911879 -1.40402e-05
  0.931462 -1.34147e-05
  0.951044 -1.29822e-05
  0.970626 -1.25278e-05
  0.990209 -1.23927e-05
   1.00979 -1.24588e-05
   1.02937 -1.25079e-05
   1.04896 -1.285e-05
   1.06854 -1.32892e-05
   1.08812 -1.38796e-05
    1.1077 -1.452e-05
   1.12729 -1.5372e-05
   1.14687 -1.6467e-05
   1.16645 -1.77871e-05
   1.18603 -1.90637e-05
   1.20562 -2.05414e-05
    1.2252 -2.21384e-05
   1.24478 -2.39872e-05
   1.26436 -2.60525e-05
   1.28395 -2.81643e-05
   1.30353 -3.04198e-05
   1.32311 -3.30455e-05
   1.34269 -3.55184e-05
   1.36228 -3.86891e-05
   1.38186 -4.1736e-05
   1.40144 -4.50642e-05
   1.42102 -4.92285e-05
   1.44061 -5.30307e-05
   1.46019 -5.73758e-05
   1.47977 -6.23674e-05
   1.49935 -6.70637e-05
   1.51894 -7.25767e-05
   1.53852 -7.88068e-05
    1.5581 -8.55073e-05
   1.57768 -9.29428e-05
   1.59727 -0.000101283
   1.61685 -0.000110268
   1.63643 -0.00011993
   1.65601 -0.000129864
    1.6756 -0.000136937
   1.69518 -0.0001357
   1.71314 -0.000167475
   1.72902 -0.000164536
   1.74403 -0.000167131
   1.75821 -0.000171285
    1.7716 -0.000176616
   1.78426 -0.000181831
   1.79621 -0.000187479
   1.80751 -0.000193059
   1.81818 -0.000198827
   1.82826 -0.000205556
   1.83779 -0.000212535
   1.84679 -0.000220444
   1.85529 -0.000229164
   1.86332 -0.000239203
   1.87091 -0.000249801
   1.87808 -0.000261465
   1.88485 -0.000274071
   1.89125 -0.000288252
   1.89729 -0.00030421
     1.903 -0.000321919
    1.9084 -0.000340539
    1.9135 -0.000359887
   1.91831 -0.000380872
   1.92286 -0.000404541
   1.92716 -0.000430461
   1.93122 -0.000457976
   1.93506 -0.000486915
   1.93868 -0.000517587
   1.94211 -0.000549843
   1.94534 -0.000583489
    1.9484 -0.000618639
   1.95129 -0.000655408
   1.95401 -0.00069339
   1.95659 -0.00073241
   1.95903 -0.000773006
   1.96133 -0.000815276
    1.9635 -0.000859568
   1.96555 -0.000906844
   1.96749 -0.000959123
   1.96933 -0.00101937
   1.97106 -0.00109086
   1.97269 -0.00117723
   1.97424 -0.00128312
    1.9757 -0.00141412
   1.97708 -0.00157645
   1.97838 -0.00177722
   1.97961 -0.0020243
   1.98077 -0.00232545
   1.98187 -0.00268781
   1.98291 -0.00311759
   1.98389 -0.00361941
   1.98482 -0.00419535
   1.98569 -0.00484361
   1.98652 -0.00555728
    1.9873 -0.00632314
   1.98804 -0.0071208
   1.98874 -0.00792223
    1.9894 -0.00869214
   1.99002 -0.00938912
   1.99061 -0.00996777
   1.99116 -0.0103816
   1.99169 -0.0105866
   1.99218 -0.0105448
   1.99265 -0.0102284
    1.9931 -0.00961316
   1.99355 -0.00864456
   1.99399 -0.00726449
   1.99444 -0.00543898
   1.99488 -0.00315885
   1.99533 -0.00045052
   1.99577  0.0026151
   1.99622 0.00591869
   1.99666 0.00929853
   1.99711  0.0125702
   1.99755  0.0155622
     1.998  0.0181625
   1.99844  0.0203648
   1.99889  0.0222983
   1.99933  0.0242343
   1.99978  0.0265762
