  0.000445 -0.00603489
  0.001335 -0.00597607
  0.002225 -0.0059238
  0.003115 -0.00587652
  0.004005 -0.00583262
  0.004895 -0.00579049
  0.005785 -0.0057485
  0.006675 -0.00570496
0.00756867 -0.00565797
0.00852095 -0.00560207
0.00958982 -0.00553025
 0.0107896 -0.00543553
 0.0121362 -0.00530857
 0.0136477 -0.00513786
 0.0153442 -0.00491093
 0.0172484 -0.00461719
 0.0193858 -0.00425251
 0.0217849 -0.00382432
 0.0244777 -0.00337778
 0.0275001 -0.00302992
 0.0308926 -0.00285911
 0.0347005 -0.00279664
 0.0389746 -0.0027506
 0.0437719 -0.00271255
 0.0491566 -0.00270041
 0.0552005 -0.00271708
 0.0619844 -0.00275575
 0.0695988 -0.00280345
 0.0781455 -0.00284353
 0.0877386 -0.00285951
 0.0985062 -0.00283841
  0.110592 -0.00277286
  0.124158 -0.00266163
  0.139384 -0.00250913
  0.156474 -0.00232421
  0.175657 -0.00211782
  0.197189 -0.00190058
  0.221357 -0.00168106
  0.248483 -0.00146759
  0.278931 -0.00125904
  0.314615 -0.00105556
   0.35378 -0.000898306
  0.392945 -0.000778633
   0.43211 -0.000680917
  0.471275 -0.000600398
   0.51044 -0.000532303
  0.549604 -0.000474023
  0.588769 -0.000423427
  0.627934 -0.000379589
  0.667099 -0.000342176
  0.706264 -0.000310383
  0.745429 -0.0002831
  0.784593 -0.000259838
  0.823758 -0.000240497
  0.862923 -0.000225175
  0.902088 -0.000213995
  0.941253 -0.000206886
  0.980418 -0.000203489
   1.01958 -0.000203698
   1.05875 -0.00020772
   1.09791 -0.000215619
   1.13708 -0.000227183
   1.17624 -0.000242206
   1.21541 -0.000261168
   1.25457 -0.000284712
   1.29374 -0.000312827
    1.3329 -0.000345314
   1.37207 -0.000382674
   1.41123 -0.000425804
    1.4504 -0.000475638
   1.48956 -0.000533908
   1.52873 -0.000602625
   1.56789 -0.000684904
   1.60706 -0.000785286
   1.64622 -0.000907322
   1.68539 -0.00106725
   1.72107 -0.00127222
   1.75152 -0.00148238
   1.77865 -0.00170053
   1.80281 -0.00192703
   1.82434 -0.00215017
   1.84353 -0.00235925
   1.86062 -0.0025443
   1.87584 -0.0026964
   1.88941 -0.00280802
    1.9015 -0.00287474
   1.91226 -0.00289743
   1.92186 -0.0028835
    1.9304 -0.00284631
   1.93802 -0.00280283
    1.9448 -0.00276977
   1.95084 -0.00275972
   1.95623 -0.00277889
   1.96103 -0.00282394
    1.9653 -0.00287614
   1.96911 -0.00294193
    1.9725 -0.00311596
   1.97552 -0.00347436
   1.97822 -0.00393819
   1.98061 -0.00438383
   1.98275 -0.00476328
   1.98466 -0.00506879
   1.98635 -0.00530469
   1.98786 -0.00548205
   1.98921 -0.00561388
   1.99041 -0.00571218
   1.99148 -0.00578667
   1.99243 -0.00584463
   1.99333 -0.00589332
   1.99421 -0.00593841
    1.9951 -0.00598191
     1.996 -0.00602554
   1.99689 -0.00607101
   1.99777 -0.00611999
   1.99867 -0.00617416
   1.99956 -0.00623515
