  0.000445 -1.33764e-10
  0.001335 -1.06449e-08
  0.002225 -8.077e-08
  0.003115 -3.05246e-07
  0.004005 -8.20506e-07
  0.004895 -1.8001e-06
  0.005785 -3.44869e-06
  0.006675 -5.99408e-06
0.00756867 -9.69433e-06
0.00852095 -1.51693e-05
0.00958982 -2.35258e-05
 0.0107896 -3.60633e-05
 0.0121362 -5.44379e-05
 0.0136477 -8.05311e-05
 0.0153442 -0.000116078
 0.0172484 -0.000162015
 0.0193858 -0.000217699
 0.0217849 -0.000280573
 0.0244777 -0.000351276
 0.0275001 -0.000423995
 0.0308926 -0.000474623
 0.0347005 -0.000511247
 0.0389746 -0.000526091
 0.0437719 -0.000532693
 0.0491566 -0.000540354
 0.0552005 -0.000549373
 0.0619844 -0.000558913
 0.0695988 -0.00056777
 0.0781455 -0.000574564
 0.0877386 -0.000577963
 0.0985062 -0.000576845
  0.110592 -0.000570227
  0.124158 -0.000557117
  0.139384 -0.000536759
  0.156474 -0.000508991
  0.175657 -0.000474004
  0.197189 -0.000432529
  0.221357 -0.000386168
  0.248483 -0.000337641
  0.278931 -0.000286737
  0.314615 -0.000247849
   0.35378 -0.000192821
  0.392945 -0.000155146
   0.43211 -0.0001266
  0.471275 -0.000104603
   0.51044 -8.71693e-05
  0.549604 -7.31565e-05
  0.588769 -6.17152e-05
  0.627934 -5.23672e-05
  0.667099 -4.48177e-05
  0.706264 -3.86595e-05
  0.745429 -3.35033e-05
  0.784593 -2.92439e-05
  0.823758 -2.58239e-05
  0.862923 -2.32197e-05
  0.902088 -2.13682e-05
  0.941253 -2.01979e-05
  0.980418 -1.96478e-05
   1.01958 -1.96902e-05
   1.05875 -2.03627e-05
   1.09791 -2.16727e-05
   1.13708 -2.36217e-05
   1.17624 -2.62086e-05
   1.21541 -2.9556e-05
   1.25457 -3.38345e-05
   1.29374 -3.91094e-05
    1.3329 -4.54091e-05
   1.37207 -5.29031e-05
   1.41123 -6.20228e-05
    1.4504 -7.33235e-05
   1.48956 -8.7286e-05
   1.52873 -0.000104676
   1.56789 -0.000126894
   1.60706 -0.000155979
   1.64622 -0.000194139
   1.68539 -0.000250005
   1.72107 -0.000289125
   1.75152 -0.000340482
   1.77865 -0.000390438
   1.80281 -0.000438955
   1.82434 -0.000482392
   1.84353 -0.0005185
   1.86062 -0.000546512
   1.87584 -0.000566553
   1.88941 -0.000579337
    1.9015 -0.000585806
   1.91226 -0.000586936
   1.92186 -0.000583772
    1.9304 -0.000577529
   1.93802 -0.00056954
    1.9448 -0.000561105
   1.95084 -0.000553346
   1.95623 -0.000546986
   1.96103 -0.000541588
    1.9653 -0.000527603
   1.96911 -0.000490507
    1.9725 -0.00043931
   1.97552 -0.000364342
   1.97822 -0.000291068
   1.98061 -0.000225882
   1.98275 -0.000168081
   1.98466 -0.000120396
   1.98635 -8.35089e-05
   1.98786 -5.64423e-05
   1.98921 -3.73879e-05
   1.99041 -2.4389e-05
   1.99148 -1.57257e-05
   1.99243 -1.00499e-05
   1.99333 -6.21394e-06
   1.99421 -3.57517e-06
    1.9951 -1.8661e-06
     1.996 -8.50578e-07
   1.99689 -3.16428e-07
   1.99777 -8.37266e-08
   1.99867 -1.10343e-08
   1.99956 -1.38653e-10
