  0.000445 -0.00603496
  0.001335 -0.00597669
  0.002225 -0.00592545
  0.003115 -0.00587959
  0.004005 -0.00583742
  0.004895 -0.00579726
  0.005785 -0.00575742
  0.006675 -0.00571617
0.00756867 -0.00567157
0.00852095 -0.00561828
0.00958982 -0.0055494
 0.0107896 -0.00545797
 0.0121362 -0.0053346
 0.0136477 -0.00516771
 0.0153442 -0.00494476
 0.0172484 -0.00465501
 0.0193858 -0.00429417
 0.0217849 -0.00386946
 0.0244777 -0.00342581
 0.0275001 -0.00308017
 0.0308926 -0.00291099
 0.0347005 -0.0028495
 0.0389746 -0.0028036
 0.0437719 -0.0027647
 0.0491566 -0.00275076
 0.0552005 -0.00276471
 0.0619844 -0.0027998
 0.0695988 -0.00284307
 0.0781455 -0.00287784
 0.0877386 -0.00288757
 0.0985062 -0.00285925
  0.110592 -0.00278568
  0.124158 -0.0026661
  0.139384 -0.00250563
  0.156474 -0.00231379
  0.175657 -0.00210186
  0.197189 -0.00188056
  0.221357 -0.00165885
  0.248483 -0.00144558
  0.278931 -0.00123937
  0.314615 -0.0010405
   0.35378 -0.000887079
  0.392945 -0.000771156
   0.43211 -0.00067621
  0.471275 -0.000597492
   0.51044 -0.000530541
  0.549604 -0.000473167
  0.588769 -0.000423422
  0.627934 -0.000380335
  0.667099 -0.000343411
  0.706264 -0.000311777
  0.745429 -0.000284493
  0.784593 -0.000261252
  0.823758 -0.00024208
  0.862923 -0.000227012
  0.902088 -0.000216004
  0.941253 -0.00020894
  0.980418 -0.000205557
   1.01958 -0.000205759
   1.05875 -0.000209748
   1.09791 -0.000217587
   1.13708 -0.00022913
   1.17624 -0.000244187
   1.21541 -0.000263176
   1.25457 -0.000286641
   1.29374 -0.000314523
    1.3329 -0.000346577
   1.37207 -0.000383165
   1.41123 -0.000425544
    1.4504 -0.000474989
   1.48956 -0.000532483
   1.52873 -0.000599599
   1.56789 -0.000679692
   1.60706 -0.000777455
   1.64622 -0.000895958
   1.68539 -0.00105197
   1.72107 -0.00125209
   1.75152 -0.00145967
   1.77865 -0.00167708
   1.80281 -0.00190493
   1.82434 -0.00213184
   1.84353 -0.00234718
   1.86062 -0.00254039
   1.87584 -0.00270154
   1.88941 -0.00282215
    1.9015 -0.00289715
   1.91226 -0.00292715
   1.92186 -0.0029195
    1.9304 -0.00288764
   1.93802 -0.00284861
    1.9448 -0.00281916
   1.95084 -0.00281185
   1.95623 -0.00283286
   1.96103 -0.00287877
    1.9653 -0.00293083
   1.96911 -0.00299561
    1.9725 -0.00316797
   1.97552 -0.00352408
   1.97822 -0.00398494
   1.98061 -0.00442698
   1.98275 -0.00480246
   1.98466 -0.00510385
   1.98635 -0.00533564
   1.98786 -0.00550904
   1.98921 -0.00563715
   1.99041 -0.00573205
   1.99148 -0.00580349
   1.99243 -0.00585874
   1.99333 -0.00590495
   1.99421 -0.00594767
    1.9951 -0.00598894
     1.996 -0.00603052
   1.99689 -0.0060742
   1.99777 -0.0061217
   1.99867 -0.0061748
   1.99956 -0.00623523
