  0.000445 1.71634e-06
  0.001335 1.53382e-05
  0.002225 4.23792e-05
  0.003115 8.26543e-05
  0.004005 0.000135988
  0.004895 0.000202205
  0.005785 0.000281123
  0.006675 0.000372539
0.00756867 0.000476678
0.00852095 0.000600977
0.00958982 0.00075638
 0.0107896 0.000950023
 0.0121362  0.0011902
 0.0136477 0.00148617
 0.0153442  0.0018476
 0.0172484 0.00228348
 0.0193858 0.00280034
 0.0217849 0.00339985
 0.0244777 0.00407617
 0.0275001 0.00482261
 0.0308926 0.00565713
 0.0347005 0.00661072
 0.0389746 0.00768211
 0.0437719 0.00884509
 0.0491566  0.0100664
 0.0552005   0.011301
 0.0619844  0.0124913
 0.0695988  0.0135713
 0.0781455  0.0144739
 0.0877386  0.0151398
 0.0985062  0.0155269
  0.110592  0.0156173
  0.124158   0.015421
  0.139384  0.0149728
  0.156474  0.0143244
  0.175657  0.0135351
  0.197189  0.0126638
  0.221357  0.0117628
  0.248483  0.0108748
  0.278931  0.0100307
  0.314615 0.00922968
   0.35378 0.00845214
  0.392945 0.00777553
   0.43211 0.00717543
  0.471275 0.00663364
   0.51044 0.00613986
  0.549604 0.00568459
  0.588769  0.0052652
  0.627934  0.0048789
  0.667099 0.00452227
  0.706264 0.00419342
  0.745429 0.00389261
  0.784593 0.00362312
  0.823758 0.00339033
  0.862923 0.00319857
  0.902088 0.00305252
  0.941253 0.00295771
  0.980418  0.0029188
   1.01958 0.00293549
   1.05875 0.00300399
   1.09791 0.00312011
   1.13708 0.00328027
   1.17624 0.00348297
   1.21541 0.00372545
   1.25457 0.00400418
   1.29374 0.00431639
    1.3329 0.00465762
   1.37207 0.00502445
   1.41123 0.00541737
    1.4504 0.00583894
   1.48956 0.00629031
   1.52873 0.00677158
   1.56789 0.00728645
   1.60706 0.00784864
   1.64622 0.00849271
   1.68539 0.00925074
   1.72107  0.0100404
   1.75152  0.0108664
   1.77865  0.0117316
   1.80281  0.0126255
   1.82434  0.0135221
   1.84353  0.0143707
   1.86062  0.0150997
   1.87584  0.0156327
   1.88941  0.0159043
    1.9015  0.0158717
   1.91226  0.0155216
   1.92186  0.0148716
    1.9304  0.0139663
   1.93802  0.0128687
    1.9448  0.0116504
   1.95084  0.0103818
   1.95623 0.00912433
   1.96103 0.00792563
    1.9653  0.0068207
   1.96911 0.00583688
    1.9725 0.00497647
   1.97552 0.00420736
   1.97822 0.00351015
   1.98061 0.00289172
   1.98275 0.00235829
   1.98466  0.0019083
   1.98635  0.0015351
   1.98786 0.00122944
   1.98921 0.000981374
   1.99041 0.000781361
   1.99148 0.000620839
   1.99243 0.000492441
   1.99333 0.000384865
   1.99421 0.000290428
    1.9951 0.000208901
     1.996 0.000140493
   1.99689 8.53935e-05
   1.99777 4.37844e-05
   1.99867 1.5847e-05
   1.99956 1.77333e-06
