  0.000445 1.66171e-05
  0.001335 4.64793e-05
  0.002225 7.31302e-05
  0.003115 9.68709e-05
  0.004005 0.000117938
  0.004895 0.000136546
  0.005785 0.000152911
  0.006675 0.000167234
0.00756867 0.000179751
0.00852095 0.00019127
0.00958982 0.000202139
 0.0107896 0.000212033
 0.0121362 0.000220603
 0.0136477 0.000227481
 0.0153442 0.000232296
 0.0172484 0.000234676
 0.0193858 0.000234324
 0.0217849 0.00023138
 0.0244777 0.00022688
 0.0275001 0.000222349
 0.0308926 0.000218643
 0.0347005 0.000215307
 0.0389746 0.000210979
 0.0437719 0.00020456
 0.0491566 0.000195547
 0.0552005 0.00018315
 0.0619844 0.000165993
 0.0695988 0.000142612
 0.0781455 0.000112157
 0.0877386 7.50866e-05
 0.0985062 3.36357e-05
  0.110592 -8.24975e-06
  0.124158 -4.56707e-05
  0.139384 -7.39174e-05
  0.156474 -8.92646e-05
  0.175657 -8.94877e-05
  0.197189 -7.54867e-05
  0.221357 -5.37391e-05
  0.248483 -3.06763e-05
  0.278931 -1.4267e-05
  0.314615 -2.43507e-05
   0.35378 -8.79962e-06
  0.392945 -1.0179e-05
   0.43211 -1.83023e-05
  0.471275 -2.41213e-05
   0.51044 -2.67656e-05
  0.549604 -2.68628e-05
  0.588769 -2.70789e-05
  0.627934 -2.81482e-05
  0.667099 -2.88388e-05
  0.706264 -2.75526e-05
  0.745429 -2.49206e-05
  0.784593 -2.22337e-05
  0.823758 -2.00153e-05
  0.862923 -1.87376e-05
  0.902088 -1.82307e-05
  0.941253 -1.77935e-05
  0.980418 -1.66214e-05
   1.01958 -1.507e-05
   1.05875 -1.47188e-05
   1.09791 -1.62473e-05
   1.13708 -1.89623e-05
   1.17624 -2.17585e-05
   1.21541 -2.42336e-05
   1.25457 -2.5647e-05
   1.29374 -2.68201e-05
    1.3329 -2.87919e-05
   1.37207 -3.00296e-05
   1.41123 -3.03348e-05
    1.4504 -2.97784e-05
   1.48956 -2.63062e-05
   1.52873 -2.0209e-05
   1.56789 -1.48782e-05
   1.60706 -8.47064e-06
   1.64622 -6.72437e-06
   1.68539 -2.15508e-05
   1.72107 -1.53945e-05
   1.75152 -3.85603e-05
   1.77865 -6.31851e-05
   1.80281 -7.9973e-05
   1.82434 -8.94646e-05
   1.84353 -8.93445e-05
   1.86062 -7.63084e-05
   1.87584 -4.93268e-05
   1.88941 -1.11229e-05
    1.9015 3.28461e-05
   1.91226 7.66513e-05
   1.92186 0.000115685
    1.9304 0.000147499
   1.93802 0.000171708
    1.9448 0.000189336
   1.95084 0.000202007
   1.95623 0.000211203
   1.96103 0.000217756
    1.9653 0.000222177
   1.96911 0.000225581
    1.9725 0.000229391
   1.97552 0.000234105
   1.97822 0.000238823
   1.98061 0.000241941
   1.98275 0.000242384
   1.98466 0.000240006
   1.98635 0.00023511
   1.98786 0.000228075
   1.98921 0.000219284
   1.99041 0.000209112
   1.99148 0.000197922
   1.99243 0.00018605
   1.99333 0.000173136
   1.99421 0.000158346
    1.9951 0.000141435
     1.996 0.000122192
   1.99689 0.00010039
   1.99777 7.58067e-05
   1.99867 4.81934e-05
   1.99956 1.72356e-05
