  0.000445 5.37029e-09
  0.001335 2.30541e-07
  0.002225 1.10959e-06
  0.003115 3.11367e-06
  0.004005 6.69972e-06
  0.004895 1.23246e-05
  0.005785 2.04472e-05
  0.006675 3.15212e-05
0.00756867 4.60515e-05
0.00852095 6.57319e-05
0.00958982 9.35953e-05
 0.0107896 0.000132857
 0.0121362 0.000187813
 0.0136477 0.000264022
 0.0153442 0.000368345
 0.0172484 0.000508676
 0.0193858 0.000693185
 0.0217849 0.000928721
 0.0244777 0.00121813
 0.0275001 0.00156686
 0.0308926 0.00199766
 0.0347005 0.00253665
 0.0389746 0.00318573
 0.0437719 0.00392391
 0.0491566 0.00471339
 0.0552005 0.00549964
 0.0619844 0.00621163
 0.0695988  0.0067702
 0.0781455 0.00710336
 0.0877386 0.00716376
 0.0985062 0.00694201
  0.110592 0.00647007
  0.124158 0.00581279
  0.139384 0.00505147
  0.156474 0.00426642
  0.175657 0.00352378
  0.197189 0.00286712
  0.221357 0.00231708
  0.248483 0.00187279
  0.278931 0.00151852
  0.314615 0.00123799
   0.35378 0.00102896
  0.392945 0.00087663
   0.43211 0.000751118
  0.471275 0.000644524
   0.51044 0.000552451
  0.549604 0.000469829
  0.588769 0.000394643
  0.627934 0.000326415
  0.667099 0.000265134
  0.706264 0.000210553
  0.745429 0.000162029
  0.784593 0.000118836
  0.823758 8.12445e-05
  0.862923 4.99659e-05
  0.902088 2.58481e-05
  0.941253 9.70894e-06
  0.980418 2.13237e-06
   1.01958 3.34819e-06
   1.05875 1.32766e-05
   1.09791 3.13515e-05
   1.13708 5.68709e-05
   1.17624 8.94471e-05
   1.21541 0.000128876
   1.25457 0.000174711
   1.29374 0.00022594
    1.3329 0.000281846
   1.37207 0.000342852
   1.41123 0.000410673
    1.4504 0.000486059
   1.48956 0.000568688
   1.52873 0.000659301
   1.56789 0.000763578
   1.60706 0.000888677
   1.64622 0.00104135
   1.68539 0.00124698
   1.72107 0.00151959
   1.75152 0.00186212
   1.77865 0.00229342
   1.80281 0.00283394
   1.82434 0.00348969
   1.84353 0.00424392
   1.86062 0.00505609
   1.87584 0.00585983
   1.88941 0.00656966
    1.9015  0.0070957
   1.91226 0.00736407
   1.92186 0.00733592
    1.9304 0.00701741
   1.93802  0.0064564
    1.9448 0.00572821
   1.95084 0.00491671
   1.95623 0.00409766
   1.96103  0.0033294
    1.9653 0.00265244
   1.96911 0.00208931
    1.9725 0.00163908
   1.97552 0.00127494
   1.97822 0.000972634
   1.98061 0.000726331
   1.98275 0.000533196
   1.98466  0.0003862
   1.98635 0.000276869
   1.98786 0.000196974
   1.98921 0.000139347
   1.99041 9.81706e-05
   1.99148 6.89462e-05
   1.99243 4.83035e-05
   1.99333 3.30623e-05
   1.99421 2.14464e-05
    1.9951 1.29264e-05
     1.996 7.02654e-06
   1.99689 3.26537e-06
   1.99777 1.16357e-06
   1.99867 2.41736e-07
   1.99956 5.62844e-09
