  0.000445 3.0282e-08
  0.001335 3.75373e-07
  0.002225 1.56428e-06
  0.003115  4.125e-06
  0.004005 8.59302e-06
  0.004895 1.54848e-05
  0.005785 2.52785e-05
  0.006675   3.84e-05
0.00756867  5.529e-05
0.00852095 7.77833e-05
0.00958982 0.000108688
 0.0107896 0.000150516
 0.0121362 0.000205973
 0.0136477 0.00027745
 0.0153442 0.000366111
 0.0172484 0.000470514
 0.0193858 0.000584984
 0.0217849 0.000699083
 0.0244777 0.000807248
 0.0275001 0.000915852
 0.0308926 0.00101426
 0.0347005 0.00105845
 0.0389746 0.00100511
 0.0437719 0.000828158
 0.0491566 0.000513754
 0.0552005 6.97286e-05
 0.0619844 -0.00046515
 0.0695988 -0.00102283
 0.0781455 -0.00151931
 0.0877386 -0.00187535
 0.0985062 -0.00203725
  0.110592 -0.00199046
  0.124158 -0.00176112
  0.139384 -0.00140682
  0.156474 -0.00100112
  0.175657 -0.000613423
  0.197189 -0.000291335
  0.221357 -5.75016e-05
  0.248483 9.29079e-05
  0.278931 0.000189504
  0.314615 0.000206297
   0.35378 0.000191474
  0.392945 0.000166669
   0.43211 0.000157114
  0.471275 0.00015291
   0.51044 0.000151587
  0.549604 0.000152114
  0.588769 0.000157634
  0.627934 0.000167607
  0.667099 0.000179488
  0.706264 0.00019007
  0.745429 0.000198807
  0.784593 0.000207245
  0.823758 0.00021627
  0.862923 0.000225245
  0.902088 0.000233092
  0.941253 0.000238498
  0.980418 0.000240656
   1.01958 0.00023922
   1.05875 0.00023524
   1.09791 0.000229632
   1.13708 0.000221773
   1.17624 0.00021188
   1.21541 0.000200444
   1.25457 0.000187628
   1.29374 0.000176024
    1.3329 0.000166513
   1.37207 0.000157205
   1.41123 0.000148219
    1.4504 0.000141632
   1.48956 0.000138282
   1.52873    0.00014
   1.56789 0.000148176
   1.60706 0.000158499
   1.64622 0.000184467
   1.68539 0.000207855
   1.72107  0.0002125
   1.75152 0.000136104
   1.77865 -7.26744e-06
   1.80281 -0.000246484
   1.82434 -0.000577803
   1.84353 -0.000973179
   1.86062 -0.00138974
   1.87584 -0.00176335
   1.88941 -0.00201917
    1.9015 -0.00209185
   1.91226 -0.00194725
   1.92186 -0.00159608
    1.9304 -0.00109309
   1.93802 -0.000521926
    1.9448 2.85313e-05
   1.95084 0.000486807
   1.95623 0.000812501
   1.96103 0.000997533
    1.9653 0.00105629
   1.96911 0.00101541
    1.9725 0.000918744
   1.97552 0.000811334
   1.97822 0.000704088
   1.98061 0.000590305
   1.98275 0.000475576
   1.98466 0.000370582
   1.98635 0.000281194
   1.98786 0.000208983
   1.98921 0.000152861
   1.99041 0.00011047
   1.99148 7.91119e-05
   1.99243 5.62663e-05
   1.99333 3.90991e-05
   1.99421 2.57522e-05
    1.9951 1.57834e-05
     1.996 8.76386e-06
   1.99689 4.2101e-06
   1.99777 1.59832e-06
   1.99867 3.84349e-07
   1.99956 3.12785e-08
