  0.000445 0.00487833
  0.001335  0.0146262
  0.002225  0.0243652
  0.003115   0.034095
  0.004005  0.0438149
  0.004895  0.0535242
  0.005785  0.0632215
  0.006675  0.0729054
0.00756867  0.0826137
0.00852095  0.0929391
0.00958982     0.1045
 0.0107896   0.117432
 0.0121362    0.13188
 0.0136477   0.147992
 0.0153442   0.165912
 0.0172484   0.185768
 0.0193858   0.207657
 0.0217849   0.231615
 0.0244777   0.257597
 0.0275001   0.285485
 0.0308926   0.315284
 0.0347005    0.34727
 0.0389746   0.381739
 0.0437719   0.418747
 0.0491566   0.458134
 0.0552005   0.499601
 0.0619844   0.542706
 0.0695988   0.586868
 0.0781455   0.631393
 0.0877386   0.675513
 0.0985062   0.718451
  0.110592   0.759488
  0.124158   0.798034
  0.139384   0.833667
  0.156474   0.866168
  0.175657   0.895532
  0.197189   0.921957
  0.221357   0.945804
  0.248483   0.967539
  0.278931   0.987676
  0.314615    1.00742
   0.35378    1.02596
  0.392945    1.04257
   0.43211    1.05765
  0.471275    1.07147
   0.51044    1.08424
  0.549604    1.09606
  0.588769    1.10695
  0.627934    1.11693
  0.667099    1.12601
  0.706264    1.13421
  0.745429    1.14154
  0.784593    1.14799
  0.823758     1.1535
  0.862923    1.15798
  0.902088    1.16135
  0.941253    1.16356
  0.980418    1.16455
   1.01958    1.16431
   1.05875    1.16283
   1.09791    1.16015
   1.13708    1.15637
   1.17624    1.15154
   1.21541    1.14571
   1.25457    1.13889
   1.29374    1.13114
    1.3329    1.12253
   1.37207    1.11313
   1.41123    1.10293
    1.4504     1.0919
   1.48956    1.08001
   1.52873    1.06722
   1.56789    1.05346
   1.60706    1.03852
   1.64622    1.02206
   1.68539    1.00371
   1.72107   0.984289
   1.75152   0.964626
   1.77865    0.94356
   1.80281   0.920556
   1.82434   0.895105
   1.84353   0.866788
   1.86062   0.835339
   1.87584   0.800685
   1.88941   0.762974
    1.9015   0.722583
   1.91226   0.680092
   1.92186   0.636229
    1.9304   0.591797
   1.93802   0.547595
    1.9448   0.504352
   1.95084   0.462677
   1.95623   0.423037
   1.96103   0.385754
    1.9653      0.351
   1.96911   0.318736
    1.9725   0.288676
   1.97552   0.260532
   1.97822   0.234294
   1.98061   0.210084
   1.98275   0.187957
   1.98466   0.167876
   1.98635    0.14975
   1.98786    0.13345
   1.98921   0.118831
   1.99041   0.105746
   1.99148  0.0940481
   1.99243  0.0835998
   1.99333  0.0737757
   1.99421  0.0639761
    1.9951  0.0541628
     1.996  0.0443375
   1.99689  0.0345015
   1.99777  0.0246556
   1.99867  0.0148005
   1.99956 0.00493641
