  0.000445 -4.83014e-10
  0.001335 -2.08299e-08
  0.002225 -1.0038e-07
  0.003115 -2.82016e-07
  0.004005 -6.07551e-07
  0.004895 -1.11907e-06
  0.005785 -1.85926e-06
  0.006675 -2.87083e-06
0.00756867 -4.20197e-06
0.00852095 -6.01155e-06
0.00958982 -8.58614e-06
 0.0107896 -1.22388e-05
 0.0121362 -1.74011e-05
 0.0136477 -2.46588e-05
 0.0153442 -3.47909e-05
 0.0172484 -4.88078e-05
 0.0193858 -6.79841e-05
 0.0217849 -9.38635e-05
 0.0244777 -0.000128119
 0.0275001 -0.000172779
 0.0308926 -0.000230953
 0.0347005 -0.000306159
 0.0389746 -0.000401357
 0.0437719 -0.000519222
 0.0491566 -0.000661443
 0.0552005 -0.000828111
 0.0619844 -0.00101714
 0.0695988 -0.00122383
 0.0781455 -0.00144093
 0.0877386 -0.00165922
 0.0985062 -0.00186857
  0.110592 -0.00205945
  0.124158 -0.00222414
  0.139384 -0.00235738
  0.156474 -0.00245633
  0.175657 -0.00252014
  0.197189 -0.00254943
  0.221357 -0.00254666
  0.248483 -0.00251313
  0.278931 -0.00245252
  0.314615 -0.00236418
   0.35378 -0.00225084
  0.392945 -0.00213063
   0.43211 -0.00200287
  0.471275 -0.00187046
   0.51044 -0.0017346
  0.549604 -0.00159727
  0.588769 -0.00145918
  0.627934 -0.00131989
  0.667099 -0.00118007
  0.706264 -0.0010394
  0.745429 -0.000898317
  0.784593 -0.000756982
  0.823758 -0.000615846
  0.862923 -0.0004749
  0.902088 -0.000334348
  0.941253 -0.000194098
  0.980418 -5.3843e-05
   1.01958 8.61488e-05
   1.05875 0.000226148
   1.09791 0.00036675
   1.13708 0.00050784
   1.17624 0.000649066
   1.21541 0.000790224
   1.25457 0.000931334
   1.29374 0.00107273
    1.3329 0.00121488
   1.37207 0.00135682
   1.41123 0.00149779
    1.4504 0.00163787
   1.48956 0.00177677
   1.52873 0.00191348
   1.56789 0.00204772
   1.60706 0.00217665
   1.64622 0.00229861
   1.68539 0.00241494
   1.72107 0.00250702
   1.75152 0.00257216
   1.77865 0.00261092
   1.80281 0.00261889
   1.82434 0.00259445
   1.84353 0.00253471
   1.86062 0.00243821
   1.87584 0.00230493
   1.88941 0.00213743
    1.9015 0.00194131
   1.91226 0.00172495
   1.92186 0.00149862
    1.9304 0.00127309
   1.93802 0.00105814
    1.9448 0.000861454
   1.95084 0.000687995
   1.95623 0.000539985
   1.96103 0.000417345
    1.9653 0.000318318
   1.96911 0.000240102
    1.9725 0.000179618
   1.97552 0.000133194
   1.97822 9.75837e-05
   1.98061 7.06794e-05
   1.98275 5.0743e-05
   1.98466 3.61701e-05
   1.98635 2.56361e-05
   1.98786 1.80905e-05
   1.98921 1.27235e-05
   1.99041 8.92603e-06
   1.99148 6.24941e-06
   1.99243 4.36814e-06
   1.99333 2.98428e-06
   1.99421 1.93266e-06
    1.9951 1.16321e-06
     1.996 6.31484e-07
   1.99689 2.9311e-07
   1.99777 1.04322e-07
   1.99867 2.16468e-08
   1.99956 5.01997e-10
