  0.000445 5.46807e-09
  0.001335 1.30714e-07
  0.002225 8.14187e-07
  0.003115 2.89233e-06
  0.004005 7.56737e-06
  0.004895 1.63607e-05
  0.005785 3.1052e-05
  0.006675 5.36196e-05
0.00756867 8.66696e-05
0.00852095 0.000135541
0.00958982 0.000209131
 0.0107896 0.000318352
 0.0121362 0.000475971
 0.0136477 0.000694787
 0.0153442 0.000982751
 0.0172484  0.0013347
 0.0193858 0.00172222
 0.0217849  0.0020829
 0.0244777 0.00200446
 0.0275001 0.000868817
 0.0308926 -0.000307252
 0.0347005 -0.000489105
 0.0389746 -0.000440627
 0.0437719 -0.000578074
 0.0491566 -0.000727874
 0.0552005 -0.000825351
 0.0619844 -0.000860571
 0.0695988 -0.000832672
 0.0781455 -0.000750607
 0.0877386 -0.000631604
 0.0985062 -0.000496818
  0.110592 -0.000365934
  0.124158 -0.000253321
  0.139384 -0.00016586
  0.156474 -0.00010336
  0.175657 -6.23736e-05
  0.197189 -3.83263e-05
  0.221357 -2.55395e-05
  0.248483 -1.89759e-05
  0.278931 -2.18342e-05
  0.314615 -8.5221e-06
   0.35378 -1.05171e-05
  0.392945 -7.16608e-06
   0.43211 -4.86511e-06
  0.471275 -3.24748e-06
   0.51044 -2.20326e-06
  0.549604 -1.20139e-06
  0.588769 -4.95413e-07
  0.627934 -7.80303e-08
  0.667099 1.97986e-07
  0.706264 5.44525e-07
  0.745429 8.14887e-07
  0.784593 1.06899e-06
  0.823758  1.237e-06
  0.862923 1.39236e-06
  0.902088 1.56965e-06
  0.941253 1.71306e-06
  0.980418 1.74456e-06
   1.01958 1.66457e-06
   1.05875 1.54148e-06
   1.09791 1.41354e-06
   1.13708 1.35346e-06
   1.17624 1.24402e-06
   1.21541 1.06994e-06
   1.25457 8.8982e-07
   1.29374 5.24376e-07
    1.3329 5.81097e-08
   1.37207 -3.99634e-07
   1.41123 -8.7033e-07
    1.4504 -1.44288e-06
   1.48956 -2.3797e-06
   1.52873 -3.63732e-06
   1.56789 -5.26304e-06
   1.60706 -6.92813e-06
   1.64622 -1.00984e-05
   1.68539 -8.21825e-06
   1.72107 -2.28803e-05
   1.75152 -1.96353e-05
   1.77865 -2.35865e-05
   1.80281 -3.23537e-05
   1.82434 -5.24877e-05
   1.84353 -9.09339e-05
   1.86062 -0.000153183
   1.87584 -0.000243456
   1.88941 -0.000361657
    1.9015 -0.000500899
   1.91226 -0.000646505
   1.92186 -0.000777012
    1.9304 -0.000868857
   1.93802 -0.00090279
    1.9448 -0.000868603
   1.95084 -0.000767067
   1.95623 -0.000609317
   1.96103 -0.000461487
    1.9653 -0.000504042
   1.96911 -0.0003367
    1.9725 0.000874102
   1.97552 0.00207784
   1.97822 0.00216978
   1.98061 0.00179436
   1.98275 0.00139096
   1.98466 0.00102422
   1.98635 0.000724078
   1.98786 0.000496017
   1.98921 0.000331752
   1.99041 0.000217932
   1.99148 0.000141246
   1.99243 9.03182e-05
   1.99333 5.58771e-05
   1.99421 3.23593e-05
    1.9951 1.70495e-05
     1.996 7.88589e-06
   1.99689 3.01405e-06
   1.99777 8.48461e-07
   1.99867 1.36226e-07
   1.99956 5.70035e-09
