  0.000445 0.00601819
  0.001335 0.00592867
  0.002225 0.00584683
  0.003115 0.00576913
  0.004005 0.00569171
  0.004895 0.00561042
  0.005785 0.00552084
  0.006675 0.00541851
0.00756867   0.005298
0.00852095 0.00514502
0.00958982 0.00493829
 0.0107896 0.00465579
 0.0121362 0.00427032
 0.0136477 0.00375179
 0.0153442 0.00307376
 0.0172484  0.0022255
 0.0193858 0.00122824
 0.0217849 0.000152565
 0.0244777 -0.000541315
 0.0275001 -0.000134806
 0.0308926 0.000398535
 0.0347005 -2.11219e-05
 0.0389746 -0.000689758
 0.0437719 -0.00113675
 0.0491566 -0.00145529
 0.0552005 -0.00165941
 0.0619844 -0.00173318
 0.0695988 -0.00167925
 0.0781455 -0.0015181
 0.0877386 -0.00128288
 0.0985062 -0.00101323
  0.110592 -0.000748443
  0.124158 -0.000519996
  0.139384 -0.000345644
  0.156474 -0.000227123
  0.175657 -0.0001554
  0.197189 -0.000118412
  0.221357 -0.000102995
  0.248483 -0.000100458
  0.278931 -0.000115332
  0.314615 -9.5863e-05
   0.35378 -9.75741e-05
  0.392945 -8.0709e-05
   0.43211 -6.72034e-05
  0.471275 -5.58653e-05
   0.51044 -4.72926e-05
  0.549604 -3.91155e-05
  0.588769 -3.26336e-05
  0.627934 -2.75806e-05
  0.667099 -2.32514e-05
  0.706264 -1.93131e-05
  0.745429 -1.53599e-05
  0.784593 -1.1457e-05
  0.823758 -8.33611e-06
  0.862923 -5.6168e-06
  0.902088 -3.16476e-06
  0.941253 -1.3163e-06
  0.980418 -1.04829e-06
   1.01958 -1.97794e-06
   1.05875 -3.37724e-06
   1.09791 -5.01648e-06
   1.13708 -6.55655e-06
   1.17624 -8.83829e-06
   1.21541 -1.18301e-05
   1.25457 -1.51782e-05
   1.29374 -1.94805e-05
    1.3329 -2.42497e-05
   1.37207 -2.8894e-05
   1.41123 -3.39989e-05
    1.4504 -4.07951e-05
   1.48956 -4.95488e-05
   1.52873 -5.97439e-05
   1.56789 -7.05603e-05
   1.60706 -8.04565e-05
   1.64622 -9.62263e-05
   1.68539 -9.59211e-05
   1.72107 -0.000121087
   1.75152 -0.000106301
   1.77865 -9.82911e-05
   1.80281 -9.86579e-05
   1.82434 -0.000125488
   1.84353 -0.000199007
   1.86062 -0.00033061
   1.87584 -0.000524052
   1.88941 -0.000773092
    1.9015 -0.00105834
   1.91226 -0.00134702
   1.92186 -0.00159792
    1.9304 -0.00176873
   1.93802 -0.00182395
    1.9448 -0.00174287
   1.95084 -0.00152478
   1.95623 -0.00118822
   1.96103 -0.000721962
    1.9653 -3.0149e-05
   1.96911 0.000427356
    1.9725 -0.000120828
   1.97552 -0.000573265
   1.97822 0.000133626
   1.98061 0.00124948
   1.98275 0.00228408
   1.98466 0.00316443
   1.98635 0.00386808
   1.98786  0.0044061
   1.98921 0.00480595
   1.99041 0.00509891
   1.99148 0.00531322
   1.99243 0.00547177
   1.99333 0.00559663
   1.99421 0.00570262
    1.9951 0.00579538
     1.996 0.00587955
   1.99689 0.00595972
   1.99777 0.00604021
   1.99867 0.00612502
   1.99956 0.00621783
